     3     1
    CDC1    72     4     1     0     0
    CDC1    72     5     1     0     0
    CDC1    72     6     1     0     0
     1 BACKWARD OMEGA   
    72     5     7    18   54.450  -70.500   200.0
    10 PRESSURE THETA    AIR_TEMP RAINFALL MIXDEPTH RELHUMID SPCHUMID H2OMIXRA TERR_MSL SUN_FLUX
     1     1    72     5     7    18     0     0     0.0   54.450  -70.500    200.0    932.5    270.8    265.5      0.0    862.0     94.3      2.2      2.2
    498.2    838.0
     1     1    72     5     7    17     0     0    -1.0   54.590  -70.521    198.4    933.5    270.0    264.8      0.0    772.9     94.0      2.1      2.1
    492.5    871.3
     1     1    72     5     7    16     0     0    -2.0   54.730  -70.513    196.4    934.5    269.2    264.0      0.0    677.1     93.8      1.9      1.9
    487.7    863.7
     1     1    72     5     7    15     0     0    -3.0   54.868  -70.480    194.5    935.4    268.3    263.2      0.0    576.8     93.6      1.8      1.8
    483.8    815.5
     1     1    72     5     7    14     0     0    -4.0   55.004  -70.425    193.0    936.1    267.4    262.4      0.0    472.4     93.6      1.7      1.7
    480.6    730.4
     1     1    72     5     7    13     0     0    -5.0   55.140  -70.355    192.3    937.0    266.6    261.7      0.0    364.5     93.6      1.6      1.6
    474.7    614.4
     1     1    72     5     7    12     0     0    -6.0   55.275  -70.276    192.3    937.8    265.9    261.0      0.0    250.0     93.6      1.5      1.5
    469.0    475.6
     1     1    72     5     7    11     0     0    -7.0   55.410  -70.191    193.7    937.7    266.0    261.2      0.0    250.0     94.7      1.6      1.6
    468.8    323.6
     1     1    72     5     7    10     0     0    -8.0   55.543  -70.102    197.2    937.4    266.2    261.3      0.0    250.0     95.8      1.6      1.6
    462.9    168.6
     1     1    72     5     7     9     0     0    -9.0   55.676  -70.007    202.9    936.7    266.4    261.4      0.0    250.0     96.7      1.6      1.6
    457.1     21.0
     1     1    72     5     7     8     0     0   -10.0   55.806  -69.907    210.6    935.9    266.6    261.6      0.0    250.0     97.2      1.7      1.7
    450.3      0.0
     1     1    72     5     7     7     0     0   -11.0   55.933  -69.802    220.3    934.8    266.7    261.6      0.0    250.0     97.6      1.7      1.7
    443.4      0.0
     1     1    72     5     7     6     0     0   -12.0   56.058  -69.692    232.0    933.6    266.9    261.7      0.0    250.0     98.1      1.7      1.7
    436.5      0.0
     1     1    72     5     7     5     0     0   -13.0   56.177  -69.607    246.0    932.8    267.4    262.2      0.0    315.3     97.1      1.7      1.7
    419.4      0.0
     1     1    72     5     7     4     0     0   -14.0   56.287  -69.575    262.3    931.8    268.0    262.6      0.0    382.0     96.4      1.8      1.8
    412.1      0.0
     1     1    72     5     7     3     0     0   -15.0   56.388  -69.593    281.1    930.5    268.5    263.0      0.0    448.5     95.9      1.8      1.8
    404.5      0.0
     1     1    72     5     7     2     0     0   -16.0   56.484  -69.660    302.6    929.0    268.9    263.3      0.0    512.9     95.5      1.9      1.9
    396.7      0.0
     1     1    72     5     7     1     0     0   -17.0   56.573  -69.774    326.8    927.3    269.3    263.6      0.0    572.8     95.2      1.9      1.9
    388.9      0.0
     1     1    72     5     7     0     0     0   -18.0   56.659  -69.937    354.2    925.4    269.7    263.8      0.0    625.5     95.0      1.9      2.0
    380.9     57.5
     1     1    72     5     6    23     0     0   -19.0   56.741  -70.124    380.7    922.8    269.6    263.5      0.1    668.2     95.6      1.9      1.9
    370.6    207.1
     1     1    72     5     6    22     0     0   -20.0   56.816  -70.312    401.6    920.7    269.5    263.2      0.1    708.5     95.8      1.9      1.9
    362.0    360.1
     1     1    72     5     6    21     0     0   -21.0   56.883  -70.499    416.2    919.5    269.5    263.1      0.1    741.3     96.3      1.9      1.9
    354.0    506.0
     1     1    72     5     6    20     0     0   -22.0   56.944  -70.684    424.4    919.0    269.4    262.9      0.1    766.8     97.0      1.9      1.9
    346.6    634.7
     1     1    72     5     6    19     0     0   -23.0   56.997  -70.866    426.1    919.3    269.2    262.8      0.1    785.2     97.7      1.9      1.9
    339.9    737.3
     1     1    72     5     6    18     0     0   -24.0   57.043  -71.045    421.5    920.4    269.1    262.8      0.1    796.6     98.6      1.9      1.9
    333.8    806.8
