     3     1
    CDC1    72     4     1     0     0
    CDC1    72     5     1     0     0
    CDC1    72     6     1     0     0
     1 BACKWARD OMEGA   
    72     5    19    18   54.450  -70.500   200.0
    10 PRESSURE THETA    AIR_TEMP RAINFALL MIXDEPTH RELHUMID SPCHUMID H2OMIXRA TERR_MSL SUN_FLUX
     1     1    72     5    19    18     0     0     0.0   54.450  -70.500    200.0    931.5    279.3    273.7      0.3    250.0     94.1      4.0      4.0
    512.1    871.9
     1     1    72     5    19    17     0     0    -1.0   53.975  -70.809    171.8    936.2    278.6    273.4      0.3    250.0     89.7      3.7      3.7
    522.6    911.5
     1     1    72     5    19    16     0     0    -2.0   53.554  -71.040    151.0    939.4    278.0    273.0      0.0    250.0     86.1      3.5      3.5
    534.3    908.8
     1     1    72     5    19    15     0     0    -3.0   53.180  -71.197    136.7    941.6    277.3    272.6      0.0    250.0     83.2      3.2      3.2
    546.7    862.7
     1     1    72     5    19    14     0     0    -4.0   52.846  -71.288    128.0    943.0    276.6    272.0      0.0    250.0     80.4      3.0      3.0
    559.6    776.3
     1     1    72     5    19    13     0     0    -5.0   52.547  -71.317    124.4    943.5    275.9    271.3      0.0    250.0     77.2      2.7      2.7
    572.9    655.8
     1     1    72     5    19    12     0     0    -6.0   52.282  -71.288    125.8    945.2    275.2    270.8      0.0    250.0     74.2      2.5      2.5
    567.3    509.5
     1     1    72     5    19    11     0     0    -7.0   52.053  -71.214    130.9    945.5    275.1    270.7      0.0    250.0     73.8      2.5      2.5
    558.7    347.3
     1     1    72     5    19    10     0     0    -8.0   51.858  -71.109    138.5    945.4    275.0    270.7      0.0    250.0     73.3      2.5      2.5
    551.1    180.5
     1     1    72     5    19     9     0     0    -9.0   51.697  -70.973    148.4    944.8    275.0    270.6      0.0    250.0     72.5      2.4      2.4
    545.3     20.6
     1     1    72     5    19     8     0     0   -10.0   51.570  -70.802    160.8    943.8    275.0    270.5      0.0    250.0     71.5      2.4      2.4
    541.3      0.0
     1     1    72     5    19     7     0     0   -11.0   51.479  -70.595    175.6    942.4    275.0    270.4      0.0    250.0     70.1      2.3      2.3
    539.4      0.0
     1     1    72     5    19     6     0     0   -12.0   51.427  -70.348    192.8    940.6    275.0    270.2      0.0    250.0     68.5      2.2      2.3
    539.9      0.0
     1     1    72     5    19     5     0     0   -13.0   51.415  -70.083    212.7    937.6    275.8    270.8      0.0    259.2     68.6      2.3      2.4
    533.3      0.0
     1     1    72     5    19     4     0     0   -14.0   51.445  -69.826    235.7    934.4    276.6    271.3      0.0    268.0     69.1      2.5      2.5
    533.5      0.0
     1     1    72     5    19     3     0     0   -15.0   51.516  -69.582    262.2    930.8    277.3    271.6      0.0    275.2     69.4      2.5      2.5
    534.6      0.0
     1     1    72     5    19     2     0     0   -16.0   51.624  -69.352    293.0    926.6    277.8    271.8      0.0    280.0     69.4      2.6      2.6
    538.8      0.0
     1     1    72     5    19     1     0     0   -17.0   51.769  -69.136    329.2    921.8    278.2    271.8      0.0    281.3     69.2      2.6      2.6
    546.4      0.0
     1     1    72     5    19     0     0     0   -18.0   51.949  -68.932    372.1    916.2    278.5    271.6      0.0    278.3     68.4      2.5      2.5
    557.4     53.1
     1     1    72     5    18    23     0     0   -19.0   52.159  -68.736    420.6    908.0    278.7    271.1      0.0    273.0     64.2      2.3      2.3
    572.1    213.9
     1     1    72     5    18    22     0     0   -20.0   52.396  -68.546    472.6    899.5    278.9    270.6      0.0    258.7     59.7      2.1      2.1
    589.1    378.6
     1     1    72     5    18    21     0     0   -21.0   52.663  -68.364    527.5    892.2    279.0    270.0      0.0    256.8     57.7      2.0      2.0
    594.3    536.1
     1     1    72     5    18    20     0     0   -22.0   52.960  -68.206    583.4    886.3    278.8    269.3      0.0    271.1     57.0      1.9      1.9
    589.7    675.8
     1     1    72     5    18    19     0     0   -23.0   53.290  -68.075    640.3    880.2    278.4    268.5      0.0    288.4     54.5      1.7      1.7
    584.8    788.4
     1     1    72     5    18    18     0     0   -24.0   53.658  -67.971    700.1    873.6    277.9    267.4      0.0    308.6     48.8      1.4      1.4
    579.4    866.3
