     3     1
    CDC1    72     4     1     0     0
    CDC1    72     5     1     0     0
    CDC1    72     6     1     0     0
     1 BACKWARD OMEGA   
    72     4    23    18   54.450  -70.500   200.0
    10 PRESSURE THETA    AIR_TEMP RAINFALL MIXDEPTH RELHUMID SPCHUMID H2OMIXRA TERR_MSL SUN_FLUX
     1     1    72     4    23    18     0     0     0.0   54.450  -70.500    200.0    929.1    270.0    264.4      0.0    319.6     92.4      2.0      2.0
    511.5    786.8
     1     1    72     4    23    17     0     0    -1.0   54.526  -70.648    200.9    930.1    269.7    264.1      0.0    310.6     88.9      1.9      1.9
    503.3    820.2
     1     1    72     4    23    16     0     0    -2.0   54.621  -70.815    201.3    931.5    269.2    263.8      0.0    303.3     85.2      1.7      1.7
    493.3    811.0
     1     1    72     4    23    15     0     0    -3.0   54.736  -71.001    201.3    933.1    268.6    263.3      0.0    298.3     81.4      1.6      1.6
    481.4    758.8
     1     1    72     4    23    14     0     0    -4.0   54.871  -71.209    200.6    935.0    267.9    262.8      0.0    295.8     77.5      1.5      1.5
    467.6    667.5
     1     1    72     4    23    13     0     0    -5.0   55.027  -71.443    199.3    937.4    267.1    262.2      0.0    295.3     73.3      1.3      1.3
    451.0    543.6
     1     1    72     4    23    12     0     0    -6.0   55.200  -71.701    197.4    940.3    266.3    261.7      0.0    290.7     68.8      1.2      1.2
    430.1    396.1
     1     1    72     4    23    11     0     0    -7.0   55.375  -71.987    194.7    943.1    266.3    261.9      0.0    276.2     73.4      1.3      1.3
    415.8    235.7
     1     1    72     4    23    10     0     0    -8.0   55.540  -72.300    190.7    945.9    266.4    262.2      0.0    260.2     78.1      1.4      1.4
    395.9     73.6
     1     1    72     4    23     9     0     0    -9.0   55.692  -72.639    185.4    949.0    266.4    262.4      0.0    250.0     83.0      1.5      1.5
    373.9      0.0
     1     1    72     4    23     8     0     0   -10.0   55.831  -73.001    179.1    952.8    266.3    262.7      0.0    250.0     87.4      1.6      1.6
    348.3      0.0
     1     1    72     4    23     7     0     0   -11.0   55.956  -73.386    172.0    956.5    266.3    262.9      0.0    250.0     91.0      1.7      1.7
    323.0      0.0
     1     1    72     4    23     6     0     0   -12.0   56.068  -73.795    164.3    960.4    266.2    263.1      0.0    250.0     93.6      1.8      1.8
    297.9      0.0
     1     1    72     4    23     5     0     0   -13.0   56.176  -74.208    157.1    964.6    266.4    263.6      0.0    270.7     92.6      1.8      1.8
    281.7      0.0
     1     1    72     4    23     4     0     0   -14.0   56.291  -74.612    151.4    968.4    266.6    264.2      0.0    280.9     92.0      1.9      1.9
    258.6      0.0
     1     1    72     4    23     3     0     0   -15.0   56.415  -75.008    147.0    972.0    267.0    264.8      0.0    278.2     92.0      1.9      1.9
    235.4      0.0
     1     1    72     4    23     2     0     0   -16.0   56.549  -75.398    142.1    976.2    267.3    265.5      0.0    277.8     92.0      2.0      2.0
    206.2      0.0
     1     1    72     4    23     1     0     0   -17.0   56.692  -75.782    135.2    980.8    267.6    266.1      0.0    274.1     92.4      2.1      2.1
    177.8      0.0
     1     1    72     4    23     0     0     0   -18.0   56.843  -76.163    126.8    985.6    267.8    266.7      0.0    268.3     93.2      2.2      2.2
    150.3     53.5
     1     1    72     4    22    23     0     0   -19.0   56.992  -76.543    116.4    990.3    267.3    266.5      0.0    266.9     93.2      2.2      2.2
    129.3    210.4
     1     1    72     4    22    22     0     0   -20.0   57.129  -76.921    103.4    995.1    266.8    266.4      0.0    263.2     93.6      2.2      2.2
    106.4    365.2
     1     1    72     4    22    21     0     0   -21.0   57.253  -77.294     88.5   1000.2    266.3    266.3      0.0    256.0     94.3      2.2      2.2
     84.8    507.1
     1     1    72     4    22    20     0     0   -22.0   57.368  -77.660     72.8   1004.9    265.8    266.2      0.0    250.0     94.6      2.1      2.1
     66.6    626.2
     1     1    72     4    22    19     0     0   -23.0   57.480  -78.016     58.7   1008.1    265.3    265.9      0.0    250.0     93.7      2.1      2.1
     52.2    714.0
     1     1    72     4    22    18     0     0   -24.0   57.592  -78.364     47.3   1010.5    265.0    265.8      0.0    250.0     93.4      2.0      2.0
     41.4    764.7
