     3     1
    CDC1    72     4     1     0     0
    CDC1    72     5     1     0     0
    CDC1    72     6     1     0     0
     1 BACKWARD OMEGA   
    72     5    17    18   54.450  -70.500   200.0
    10 PRESSURE THETA    AIR_TEMP RAINFALL MIXDEPTH RELHUMID SPCHUMID H2OMIXRA TERR_MSL SUN_FLUX
     1     1    72     5    17    18     0     0     0.0   54.450  -70.500    200.0    930.3    283.1    277.3      0.1    277.7     91.8      5.0      5.1
    508.2    866.9
     1     1    72     5    17    17     0     0    -1.0   54.413  -70.390    187.9    931.5    282.9    277.2      0.1    274.6     90.6      4.9      5.0
    513.0    901.5
     1     1    72     5    17    16     0     0    -2.0   54.392  -70.280    178.3    932.3    282.6    277.0      0.1    270.4     89.0      4.8      4.8
    517.3    896.5
     1     1    72     5    17    15     0     0    -3.0   54.386  -70.170    171.2    933.0    282.3    276.7      0.1    265.5     87.5      4.6      4.6
    521.0    851.1
     1     1    72     5    17    14     0     0    -4.0   54.397  -70.058    166.6    933.4    281.9    276.4      0.1    260.1     85.8      4.4      4.4
    524.1    768.4
     1     1    72     5    17    13     0     0    -5.0   54.428  -69.945    164.6    933.7    281.5    276.0      0.1    254.8     84.1      4.2      4.2
    526.1    654.1
     1     1    72     5    17    12     0     0    -6.0   54.481  -69.832    165.4    933.9    281.0    275.6      0.1    250.0     82.3      4.0      4.0
    526.8    516.0
     1     1    72     5    17    11     0     0    -7.0   54.548  -69.747    167.6    933.3    280.8    275.4      0.0    250.0     84.6      4.0      4.1
    521.5    363.4
     1     1    72     5    17    10     0     0    -8.0   54.618  -69.721    169.7    933.1    280.6    275.1      0.0    250.0     86.9      4.1      4.1
    519.9    206.3
     1     1    72     5    17     9     0     0    -9.0   54.692  -69.752    171.6    933.0    280.4    274.9      0.0    250.0     89.3      4.1      4.1
    516.6     55.4
     1     1    72     5    17     8     0     0   -10.0   54.770  -69.840    173.1    933.1    280.1    274.6      0.0    250.0     91.7      4.2      4.2
    511.7      0.0
     1     1    72     5    17     7     0     0   -11.0   54.852  -69.985    174.3    933.5    279.8    274.4      0.0    250.0     94.2      4.2      4.2
    504.8      0.0
     1     1    72     5    17     6     0     0   -12.0   54.939  -70.185    174.9    934.3    279.4    274.1      0.0    250.0     96.4      4.2      4.2
    495.8      0.0
     1     1    72     5    17     5     0     0   -13.0   55.024  -70.424    176.8    935.7    279.6    274.3      0.0    250.0     96.0      4.2      4.3
    478.5      0.0
     1     1    72     5    17     4     0     0   -14.0   55.101  -70.685    181.7    937.0    279.8    274.6      0.0    250.5     95.5      4.3      4.3
    465.3      0.0
     1     1    72     5    17     3     0     0   -15.0   55.171  -70.969    189.5    937.9    280.0    274.9      0.0    251.7     95.0      4.4      4.4
    452.0      0.0
     1     1    72     5    17     2     0     0   -16.0   55.237  -71.276    200.4    938.5    280.3    275.3      0.0    254.2     94.6      4.5      4.5
    438.5      0.0
     1     1    72     5    17     1     0     0   -17.0   55.304  -71.607    214.7    938.3    280.6    275.6      0.0    258.5     94.2      4.5      4.6
    424.6      0.0
     1     1    72     5    17     0     0     0   -18.0   55.376  -71.964    232.9    937.9    281.0    275.9      0.0    265.5     93.9      4.6      4.6
    409.9    106.9
     1     1    72     5    16    23     0     0   -19.0   55.444  -72.341    251.4    936.5    281.0    275.8      0.1    268.1     93.0      4.6      4.6
    391.1    262.5
     1     1    72     5    16    22     0     0   -20.0   55.490  -72.725    265.6    936.4    281.0    275.8      0.1    267.1     92.3      4.5      4.6
    374.5    420.2
     1     1    72     5    16    21     0     0   -21.0   55.512  -73.118    274.7    937.0    281.1    275.9      0.1    263.4     92.0      4.5      4.6
    357.6    569.2
     1     1    72     5    16    20     0     0   -22.0   55.509  -73.520    278.1    938.2    281.2    276.1      0.1    258.9     92.1      4.6      4.6
    341.7    698.9
     1     1    72     5    16    19     0     0   -23.0   55.479  -73.933    275.8    939.9    281.2    276.3      0.1    254.2     92.7      4.7      4.7
    326.8    800.2
     1     1    72     5    16    18     0     0   -24.0   55.423  -74.358    268.0    942.2    281.4    276.6      0.1    250.0     93.7      4.8      4.9
    312.7    866.0
