     3     1
    CDC1    72     4     1     0     0
    CDC1    72     5     1     0     0
    CDC1    72     6     1     0     0
     1 BACKWARD OMEGA   
    72     5     3    18   54.450  -70.500   200.0
    10 PRESSURE THETA    AIR_TEMP RAINFALL MIXDEPTH RELHUMID SPCHUMID H2OMIXRA TERR_MSL SUN_FLUX
     1     1    72     5     3    18     0     0     0.0   54.450  -70.500    200.0    934.2    272.3    267.1      0.0    371.3     85.5      2.2      2.2
    510.2    824.7
     1     1    72     5     3    17     0     0    -1.0   54.382  -70.329    222.1    930.5    271.6    266.0      0.0    352.5     81.5      2.0      2.0
    517.3    860.1
     1     1    72     5     3    16     0     0    -2.0   54.299  -70.186    245.9    926.6    270.9    265.1      0.0    332.9     77.2      1.7      1.7
    524.3    855.7
     1     1    72     5     3    15     0     0    -3.0   54.202  -70.074    271.4    922.6    270.4    264.2      0.0    312.9     72.6      1.5      1.5
    531.0    810.2
     1     1    72     5     3    14     0     0    -4.0   54.092  -69.990    298.3    918.6    270.0    263.5      0.0    292.3     67.5      1.4      1.4
    537.3    726.3
     1     1    72     5     3    13     0     0    -5.0   53.970  -69.934    326.6    914.7    269.7    262.9      0.0    271.1     61.7      1.2      1.2
    542.9    609.0
     1     1    72     5     3    12     0     0    -6.0   53.839  -69.906    356.5    910.8    269.5    262.4      0.0    250.0     55.4      1.0      1.0
    548.3    466.0
     1     1    72     5     3    11     0     0    -7.0   53.714  -69.898    386.6    906.3    270.0    262.5      0.0    250.0     56.0      1.1      1.1
    551.5    306.5
     1     1    72     5     3    10     0     0    -8.0   53.616  -69.908    415.0    901.9    270.5    262.6      0.0    250.0     56.4      1.1      1.1
    555.2    141.5
     1     1    72     5     3     9     0     0    -9.0   53.542  -69.936    441.9    898.0    270.9    262.6      0.0    250.0     56.9      1.1      1.1
    557.6      0.0
     1     1    72     5     3     8     0     0   -10.0   53.494  -69.983    467.5    894.4    271.1    262.6      0.0    250.0     57.6      1.1      1.1
    558.7      0.0
     1     1    72     5     3     7     0     0   -11.0   53.470  -70.051    491.8    891.3    271.3    262.5      0.0    250.0     58.4      1.1      1.1
    558.0      0.0
     1     1    72     5     3     6     0     0   -12.0   53.470  -70.138    514.9    888.5    271.5    262.4      0.0    250.0     59.4      1.1      1.1
    555.7      0.0
     1     1    72     5     3     5     0     0   -13.0   53.485  -70.249    537.5    886.4    271.7    262.5      0.0    259.6     59.0      1.1      1.1
    554.6      0.0
     1     1    72     5     3     4     0     0   -14.0   53.502  -70.390    560.7    884.3    271.9    262.5      0.0    271.0     58.6      1.1      1.1
    549.8      0.0
     1     1    72     5     3     3     0     0   -15.0   53.523  -70.558    584.3    882.3    272.1    262.5      0.0    284.5     58.4      1.1      1.1
    544.1      0.0
     1     1    72     5     3     2     0     0   -16.0   53.547  -70.752    608.5    880.4    272.2    262.5      0.0    300.4     58.4      1.1      1.1
    537.4      0.0
     1     1    72     5     3     1     0     0   -17.0   53.575  -70.971    633.2    878.3    272.4    262.4      0.0    319.2     58.6      1.1      1.1
    529.9      0.0
     1     1    72     5     3     0     0     0   -18.0   53.607  -71.213    658.4    876.1    272.5    262.4      0.0    340.9     58.7      1.1      1.1
    521.5     27.0
     1     1    72     5     2    23     0     0   -19.0   53.637  -71.462    682.6    873.9    272.4    262.1      0.0    353.4     57.2      1.1      1.1
    515.2    190.7
     1     1    72     5     2    22     0     0   -20.0   53.659  -71.702    703.8    872.2    272.3    261.8      0.0    362.8     55.5      1.0      1.0
    508.1    357.5
     1     1    72     5     2    21     0     0   -21.0   53.674  -71.932    721.7    870.8    272.2    261.6      0.0    369.7     53.6      1.0      1.0
    501.6    515.7
     1     1    72     5     2    20     0     0   -22.0   53.682  -72.153    735.6    869.9    272.1    261.4      0.0    374.3     51.7      0.9      0.9
    495.6    654.3
     1     1    72     5     2    19     0     0   -23.0   53.684  -72.365    745.1    869.3    271.9    261.2      0.0    376.9     49.8      0.9      0.9
    490.1    763.7
     1     1    72     5     2    18     0     0   -24.0   53.679  -72.568    750.0    869.5    271.8    261.1      0.0    377.6     48.5      0.9      0.9
    482.9    836.3
