     3     1
    CDC1    72     4     1     0     0
    CDC1    72     5     1     0     0
    CDC1    72     6     1     0     0
     1 BACKWARD OMEGA   
    72     5    14    18   54.450  -70.500   200.0
    10 PRESSURE THETA    AIR_TEMP RAINFALL MIXDEPTH RELHUMID SPCHUMID H2OMIXRA TERR_MSL SUN_FLUX
     1     1    72     5    14    18     0     0     0.0   54.450  -70.500    200.0    924.4    282.8    276.5      0.2    330.1     98.2      5.1      5.2
    511.1    858.9
     1     1    72     5    14    17     0     0    -1.0   54.473  -70.649    181.8    926.6    282.3    276.2      0.2    314.1     97.9      5.0      5.0
    505.8    893.4
     1     1    72     5    14    16     0     0    -2.0   54.493  -70.806    163.1    928.9    281.7    275.8      0.2    299.4     97.5      4.8      4.9
    500.4    886.7
     1     1    72     5    14    15     0     0    -3.0   54.506  -70.975    144.5    931.3    281.2    275.5      0.2    286.1     97.1      4.7      4.7
    494.9    838.5
     1     1    72     5    14    14     0     0    -4.0   54.512  -71.158    126.5    933.8    280.7    275.2      0.2    273.8     96.8      4.6      4.6
    489.1    751.9
     1     1    72     5    14    13     0     0    -5.0   54.507  -71.359    109.6    936.3    280.2    274.9      0.1    262.0     96.5      4.4      4.5
    483.3    632.9
     1     1    72     5    14    12     0     0    -6.0   54.490  -71.579     94.1    938.8    279.6    274.6      0.1    250.0     96.3      4.3      4.4
    477.4    489.4
     1     1    72     5    14    11     0     0    -7.0   54.460  -71.801     81.1    941.5    279.4    274.6      0.5    250.0     97.0      4.3      4.4
    469.2    331.7
     1     1    72     5    14    10     0     0    -8.0   54.420  -72.003     70.8    943.3    279.2    274.5      0.5    250.0     97.7      4.4      4.4
    465.3    170.7
     1     1    72     5    14     9     0     0    -9.0   54.370  -72.182     62.3    944.4    279.1    274.5      0.5    250.0     98.4      4.4      4.4
    462.5     17.7
     1     1    72     5    14     8     0     0   -10.0   54.311  -72.336     55.1    945.3    279.0    274.5      0.5    250.0     98.9      4.4      4.4
    460.9      0.0
     1     1    72     5    14     7     0     0   -11.0   54.244  -72.465     48.7    946.0    279.0    274.6      0.5    250.0     99.4      4.4      4.4
    460.4      0.0
     1     1    72     5    14     6     0     0   -12.0   54.167  -72.569     43.1    946.8    278.9    274.6      0.5    250.0     99.9      4.4      4.5
    459.1      0.0
     1     1    72     5    14     5     0     0   -13.0   54.082  -72.665     38.1    948.0    279.1    274.8      0.4    250.0     99.3      4.5      4.5
    455.7      0.0
     1     1    72     5    14     4     0     0   -14.0   53.989  -72.767     33.6    949.1    279.3    275.1      0.4    250.0     98.7      4.5      4.6
    453.8      0.0
     1     1    72     5    14     3     0     0   -15.0   53.888  -72.874     29.4    950.3    279.5    275.4      0.4    250.0     98.1      4.6      4.6
    452.0      0.0
     1     1    72     5    14     2     0     0   -16.0   53.780  -72.984     25.7    951.4    279.7    275.7      0.4    250.0     97.6      4.7      4.7
    450.2      0.0
     1     1    72     5    14     1     0     0   -17.0   53.663  -73.093     22.4    952.5    279.9    276.0      0.3    250.0     97.0      4.7      4.8
    448.7      0.0
     1     1    72     5    14     0     0     0   -18.0   53.539  -73.198     19.4    953.5    280.1    276.3      0.3    250.0     96.4      4.8      4.8
    447.5     92.7
     1     1    72     5    13    23     0     0   -19.0   53.407  -73.303     16.9    954.3    280.1    276.3      0.1    250.0     96.0      4.8      4.8
    445.5    252.9
     1     1    72     5    13    22     0     0   -20.0   53.265  -73.413     14.9    955.1    280.0    276.3      0.1    250.0     95.7      4.8      4.8
    444.8    416.1
     1     1    72     5    13    21     0     0   -21.0   53.113  -73.527     13.3    955.8    279.9    276.3      0.1    250.0     95.4      4.7      4.8
    444.1    571.2
     1     1    72     5    13    20     0     0   -22.0   52.952  -73.649     12.1    956.4    279.7    276.2      0.1    250.0     95.2      4.7      4.7
    443.3    707.4
     1     1    72     5    13    19     0     0   -23.0   52.780  -73.777     11.1    957.1    279.4    276.0      0.1    250.0     95.1      4.6      4.6
    442.4    814.9
     1     1    72     5    13    18     0     0   -24.0   52.598  -73.914     10.3    957.7    279.1    275.7      0.1    250.0     95.0      4.5      4.5
    441.1    886.2
