     3     1
    CDC1    72     4     1     0     0
    CDC1    72     5     1     0     0
    CDC1    72     6     1     0     0
     1 BACKWARD OMEGA   
    72     4    25    18   54.450  -70.500   200.0
    10 PRESSURE THETA    AIR_TEMP RAINFALL MIXDEPTH RELHUMID SPCHUMID H2OMIXRA TERR_MSL SUN_FLUX
     1     1    72     4    25    18     0     0     0.0   54.450  -70.500    200.0    930.4    268.5    263.0      0.0    418.7     99.3      1.9      1.9
    507.9    794.8
     1     1    72     4    25    17     0     0    -1.0   54.574  -70.552    198.7    931.3    268.0    262.6      0.0    382.6     97.3      1.8      1.8
    501.4    827.8
     1     1    72     4    25    16     0     0    -2.0   54.707  -70.593    196.2    932.4    267.5    262.2      0.0    349.3     95.4      1.7      1.7
    494.8    818.9
     1     1    72     4    25    15     0     0    -3.0   54.846  -70.626    192.3    933.6    267.0    261.8      0.0    319.3     93.6      1.6      1.6
    488.2    768.3
     1     1    72     4    25    14     0     0    -4.0   54.987  -70.652    187.1    934.8    266.4    261.3      0.0    292.9     92.0      1.5      1.5
    481.8    679.8
     1     1    72     4    25    13     0     0    -5.0   55.128  -70.674    180.9    936.7    265.9    260.9      0.0    273.4     90.1      1.5      1.5
    471.7    559.7
     1     1    72     4    25    12     0     0    -6.0   55.268  -70.697    174.0    938.6    265.3    260.5      0.0    250.0     88.3      1.4      1.4
    461.4    416.5
     1     1    72     4    25    11     0     0    -7.0   55.405  -70.714    166.0    940.8    265.0    260.4      0.0    250.0     90.0      1.4      1.4
    444.9    260.2
     1     1    72     4    25    10     0     0    -8.0   55.538  -70.722    156.8    943.1    264.8    260.4      0.0    250.0     91.6      1.4      1.4
    436.0    101.5
     1     1    72     4    25     9     0     0    -9.0   55.667  -70.722    146.5    945.6    264.5    260.3      0.0    250.0     93.2      1.4      1.4
    427.5      0.0
     1     1    72     4    25     8     0     0   -10.0   55.793  -70.715    135.6    948.1    264.2    260.2      0.0    250.0     94.7      1.4      1.4
    419.5      0.0
     1     1    72     4    25     7     0     0   -11.0   55.917  -70.704    124.3    950.6    263.9    260.1      0.0    250.0     96.1      1.4      1.4
    411.8      0.0
     1     1    72     4    25     6     0     0   -12.0   56.037  -70.688    113.1    953.2    263.6    260.0      0.0    250.0     97.4      1.4      1.4
    404.3      0.0
     1     1    72     4    25     5     0     0   -13.0   56.160  -70.671    103.6    955.9    263.8    260.5      0.0    282.1     96.9      1.5      1.5
    403.5      0.0
     1     1    72     4    25     4     0     0   -14.0   56.291  -70.654     96.9    958.1    264.2    261.0      0.0    318.3     96.4      1.5      1.5
    395.3      0.0
     1     1    72     4    25     3     0     0   -15.0   56.429  -70.635     92.7    960.1    264.7    261.6      0.0    359.1     95.8      1.6      1.6
    386.5      0.0
     1     1    72     4    25     2     0     0   -16.0   56.577  -70.612     90.4    961.8    265.1    262.2      0.0    405.2     95.2      1.7      1.7
    377.2      0.0
     1     1    72     4    25     1     0     0   -17.0   56.735  -70.586     90.0    963.4    265.7    262.8      0.0    457.2     94.6      1.7      1.7
    367.3      0.0
     1     1    72     4    25     0     0     0   -18.0   56.902  -70.553     91.2    964.8    266.2    263.5      0.0    516.0     94.1      1.8      1.8
    356.7      8.8
     1     1    72     4    24    23     0     0   -19.0   57.067  -70.518     92.9    965.8    266.1    263.4      0.0    546.8     94.2      1.8      1.8
    342.2    158.5
     1     1    72     4    24    22     0     0   -20.0   57.215  -70.483     93.6    966.9    266.0    263.4      0.0    572.0     94.2      1.8      1.8
    333.1    310.4
     1     1    72     4    24    21     0     0   -21.0   57.346  -70.451     93.3    968.1    265.8    263.4      0.0    591.8     94.2      1.8      1.8
    325.1    454.4
     1     1    72     4    24    20     0     0   -22.0   57.457  -70.426     92.1    969.3    265.7    263.4      0.0    606.5     94.2      1.8      1.8
    318.1    581.1
     1     1    72     4    24    19     0     0   -23.0   57.550  -70.408     89.8    970.4    265.6    263.3      0.0    610.3     94.1      1.8      1.8
    312.4    682.1
     1     1    72     4    24    18     0     0   -24.0   57.627  -70.399     86.4    971.6    265.5    263.3      0.0    608.9     93.9      1.8      1.8
    307.8    750.8
