     3     1
    CDC1    72     4     1     0     0
    CDC1    72     5     1     0     0
    CDC1    72     6     1     0     0
     1 BACKWARD OMEGA   
    72     5    16    18   54.450  -70.500   200.0
    10 PRESSURE THETA    AIR_TEMP RAINFALL MIXDEPTH RELHUMID SPCHUMID H2OMIXRA TERR_MSL SUN_FLUX
     1     1    72     5    16    18     0     0     0.0   54.450  -70.500    200.0    930.4    283.7    277.9      0.1    250.0     91.5      5.2      5.3
    496.6    432.2
     1     1    72     5    16    17     0     0    -1.0   54.306  -70.743    198.4    931.5    283.6    277.9      0.1    250.0     90.0      5.1      5.2
    495.1    450.3
     1     1    72     5    16    16     0     0    -2.0   54.171  -70.963    198.6    932.1    283.6    277.9      0.1    250.0     88.4      5.1      5.1
    494.0    447.6
     1     1    72     5    16    15     0     0    -3.0   54.042  -71.162    200.9    932.4    283.6    278.0      0.1    250.0     86.9      5.0      5.0
    493.5    423.7
     1     1    72     5    16    14     0     0    -4.0   53.920  -71.341    205.4    932.3    283.6    278.0      0.1    250.0     85.3      4.9      4.9
    493.4    380.3
     1     1    72     5    16    13     0     0    -5.0   53.802  -71.503    212.3    931.8    283.7    278.0      0.1    250.0     83.7      4.8      4.8
    493.8    320.4
     1     1    72     5    16    12     0     0    -6.0   53.689  -71.649    222.0    931.0    283.8    278.0      0.0    250.0     82.0      4.7      4.8
    494.5    248.0
     1     1    72     5    16    11     0     0    -7.0   53.577  -71.778    233.0    928.9    284.1    278.1      0.0    250.0     79.9      4.6      4.7
    505.6    168.2
     1     1    72     5    16    10     0     0    -8.0   53.466  -71.888    244.0    926.9    284.3    278.2      0.0    250.0     78.0      4.6      4.6
    507.3     86.4
     1     1    72     5    16     9     0     0    -9.0   53.353  -71.979    255.1    925.0    284.6    278.3      0.0    250.0     76.2      4.5      4.5
    509.6      8.5
     1     1    72     5    16     8     0     0   -10.0   53.239  -72.048    266.2    923.0    284.9    278.5      0.0    250.0     74.4      4.5      4.5
    512.5      0.0
     1     1    72     5    16     7     0     0   -11.0   53.122  -72.095    277.3    920.9    285.2    278.6      0.0    250.0     72.7      4.4      4.4
    516.2      0.0
     1     1    72     5    16     6     0     0   -12.0   53.003  -72.118    288.4    918.8    285.6    278.7      0.0    250.0     71.1      4.4      4.4
    520.6      0.0
     1     1    72     5    16     5     0     0   -13.0   52.891  -72.121    300.0    917.1    285.8    278.8      0.0    250.0     71.0      4.4      4.4
    540.1      0.0
     1     1    72     5    16     4     0     0   -14.0   52.797  -72.110    312.9    915.1    285.9    278.8      0.0    250.0     70.8      4.4      4.4
    545.4      0.0
     1     1    72     5    16     3     0     0   -15.0   52.721  -72.086    327.0    913.1    286.1    278.7      0.0    250.0     70.3      4.3      4.4
    550.1      0.0
     1     1    72     5    16     2     0     0   -16.0   52.660  -72.052    342.3    911.0    286.2    278.6      0.0    250.0     69.7      4.3      4.3
    554.2      0.0
     1     1    72     5    16     1     0     0   -17.0   52.616  -72.007    358.7    908.8    286.2    278.5      0.0    250.0     68.9      4.2      4.2
    557.6      0.0
     1     1    72     5    16     0     0     0   -18.0   52.586  -71.955    376.3    906.7    286.2    278.3      0.0    250.0     68.0      4.1      4.1
    560.3     39.7
     1     1    72     5    15    23     0     0   -19.0   52.567  -71.912    395.3    904.1    286.2    278.1      0.0    270.5     68.2      4.1      4.1
    549.4    120.4
     1     1    72     5    15    22     0     0   -20.0   52.554  -71.896    415.7    901.5    286.2    277.8      0.0    291.3     68.2      4.0      4.0
    550.4    202.9
     1     1    72     5    15    21     0     0   -21.0   52.545  -71.908    437.9    898.8    286.1    277.5      0.0    312.1     68.2      3.9      4.0
    550.6    281.5
     1     1    72     5    15    20     0     0   -22.0   52.540  -71.950    461.8    896.1    286.1    277.2      0.0    333.0     68.0      3.8      3.9
    549.9    350.8
     1     1    72     5    15    19     0     0   -23.0   52.538  -72.026    487.8    893.2    286.0    276.9      0.0    353.8     67.6      3.7      3.8
    548.5    405.9
     1     1    72     5    15    18     0     0   -24.0   52.538  -72.135    515.8    890.4    285.9    276.5      0.0    374.7     66.9      3.6      3.6
    546.4    443.0
