     3     1
    CDC1    72     4     1     0     0
    CDC1    72     5     1     0     0
    CDC1    72     6     1     0     0
     1 BACKWARD OMEGA   
    72     4    19    18   54.450  -70.500   200.0
    10 PRESSURE THETA    AIR_TEMP RAINFALL MIXDEPTH RELHUMID SPCHUMID H2OMIXRA TERR_MSL SUN_FLUX
     1     1    72     4    19    18     0     0     0.0   54.450  -70.500    200.0    929.1    274.2    268.5      0.0    854.1     86.1      2.5      2.5
    511.5    384.9
     1     1    72     4    19    17     0     0    -1.0   54.395  -70.557    171.1    933.0    273.5    268.1      0.0    749.2     81.3      2.3      2.3
    512.0    402.2
     1     1    72     4    19    16     0     0    -2.0   54.338  -70.602    148.4    935.8    272.5    267.4      0.0    645.8     75.9      2.0      2.0
    513.1    398.5
     1     1    72     4    19    15     0     0    -3.0   54.279  -70.633    130.8    938.2    271.6    266.6      0.0    544.9     70.3      1.8      1.8
    514.6    373.5
     1     1    72     4    19    14     0     0    -4.0   54.218  -70.651    117.1    940.1    270.5    265.8      0.0    445.9     64.6      1.5      1.5
    516.8    328.9
     1     1    72     4    19    13     0     0    -5.0   54.152  -70.653    106.5    941.7    269.4    264.8      0.0    347.9     58.7      1.3      1.3
    519.5    267.7
     1     1    72     4    19    12     0     0    -6.0   54.084  -70.640     98.4    942.9    268.4    263.9      0.0    250.0     52.6      1.1      1.1
    522.9    194.1
     1     1    72     4    19    11     0     0    -7.0   54.012  -70.620     91.6    943.3    268.5    264.1      0.0    259.6     57.6      1.2      1.2
    526.6    113.0
     1     1    72     4    19    10     0     0    -8.0   53.941  -70.603     85.1    943.8    268.7    264.3      0.0    268.5     62.7      1.3      1.3
    530.0     29.9
     1     1    72     4    19     9     0     0    -9.0   53.868  -70.593     79.0    944.4    268.9    264.5      0.0    276.6     68.0      1.4      1.4
    533.3      0.0
     1     1    72     4    19     8     0     0   -10.0   53.794  -70.589     73.3    944.9    269.1    264.8      0.0    283.6     73.4      1.6      1.6
    536.5      0.0
     1     1    72     4    19     7     0     0   -11.0   53.718  -70.594     67.8    945.0    269.4    265.1      0.0    289.4     78.8      1.7      1.8
    539.5      0.0
     1     1    72     4    19     6     0     0   -12.0   53.638  -70.611     62.5    945.2    269.7    265.4      0.0    293.8     84.4      1.9      1.9
    542.3      0.0
     1     1    72     4    19     5     0     0   -13.0   53.564  -70.640     58.3    945.6    270.1    265.8      0.0    373.2     82.2      1.9      1.9
    540.3      0.0
     1     1    72     4    19     4     0     0   -14.0   53.505  -70.681     55.9    946.0    270.5    266.2      0.0    456.3     80.0      1.9      1.9
    541.5      0.0
     1     1    72     4    19     3     0     0   -15.0   53.462  -70.733     55.3    946.2    270.8    266.6      0.0    542.1     77.8      1.9      1.9
    541.8      0.0
     1     1    72     4    19     2     0     0   -16.0   53.433  -70.793     56.2    946.5    271.2    267.0      0.0    629.6     75.6      1.9      1.9
    541.4      0.0
     1     1    72     4    19     1     0     0   -17.0   53.419  -70.862     59.0    946.7    271.6    267.3      0.0    717.5     73.5      1.9      1.9
    540.2      0.0
     1     1    72     4    19     0     0     0   -18.0   53.419  -70.938     63.5    946.8    271.9    267.7      0.0    804.8     71.6      1.9      1.9
    538.3      0.0
     1     1    72     4    18    23     0     0   -19.0   53.425  -71.020     68.8    946.3    271.8    267.6      0.0    815.2     74.7      2.0      2.0
    533.9     61.3
     1     1    72     4    18    22     0     0   -20.0   53.426  -71.108     73.4    946.0    271.7    267.4      0.0    824.8     77.7      2.1      2.1
    531.5    145.8
     1     1    72     4    18    21     0     0   -21.0   53.423  -71.201     77.3    945.6    271.6    267.3      0.0    833.3     80.7      2.1      2.1
    529.2    226.2
     1     1    72     4    18    20     0     0   -22.0   53.416  -71.299     80.5    945.3    271.5    267.2      0.0    840.6     83.6      2.2      2.2
    526.9    296.9
     1     1    72     4    18    19     0     0   -23.0   53.406  -71.401     82.9    945.1    271.4    267.1      0.0    846.5     86.3      2.2      2.2
    524.6    353.0
     1     1    72     4    18    18     0     0   -24.0   53.391  -71.509     84.3    945.1    271.4    267.0      0.0    850.9     89.0      2.3      2.3
    522.4    390.6
