     3     1
    CDC1    72     4     1     0     0
    CDC1    72     5     1     0     0
    CDC1    72     6     1     0     0
     1 BACKWARD OMEGA   
    72     4    15    18   54.450  -70.500   200.0
    10 PRESSURE THETA    AIR_TEMP RAINFALL MIXDEPTH RELHUMID SPCHUMID H2OMIXRA TERR_MSL SUN_FLUX
     1     1    72     4    15    18     0     0     0.0   54.450  -70.500    200.0    922.5    273.1    266.9      0.0    250.0     96.8      2.5      2.5
    496.3    751.9
     1     1    72     4    15    17     0     0    -1.0   54.230  -70.530    201.7    922.3    272.7    266.5      0.0    250.0     93.7      2.4      2.4
    504.6    788.2
     1     1    72     4    15    16     0     0    -2.0   54.022  -70.569    201.4    922.5    272.3    266.1      0.0    250.0     90.8      2.2      2.2
    512.3    782.1
     1     1    72     4    15    15     0     0    -3.0   53.827  -70.617    199.2    923.0    271.8    265.7      0.0    250.0     88.2      2.1      2.1
    519.3    732.5
     1     1    72     4    15    14     0     0    -4.0   53.646  -70.672    195.6    923.6    271.4    265.3      0.0    250.0     85.8      2.0      2.0
    525.6    642.2
     1     1    72     4    15    13     0     0    -5.0   53.480  -70.731    190.9    924.2    270.9    264.8      0.0    250.0     83.5      1.9      1.9
    531.1    517.2
     1     1    72     4    15    12     0     0    -6.0   53.330  -70.794    185.3    924.9    270.4    264.4      0.0    250.0     81.4      1.7      1.8
    535.9    366.0
     1     1    72     4    15    11     0     0    -7.0   53.199  -70.859    180.6    925.0    270.5    264.5      0.0    250.0     81.6      1.8      1.8
    540.2    198.9
     1     1    72     4    15    10     0     0    -8.0   53.089  -70.930    178.6    924.8    270.6    264.7      0.0    250.0     81.3      1.8      1.8
    543.0     27.5
     1     1    72     4    15     9     0     0    -9.0   52.999  -71.005    179.3    924.4    270.8    264.8      0.0    250.0     80.8      1.8      1.8
    545.0      0.0
     1     1    72     4    15     8     0     0   -10.0   52.928  -71.084    182.6    923.9    271.0    264.9      0.0    250.0     80.0      1.8      1.8
    546.2      0.0
     1     1    72     4    15     7     0     0   -11.0   52.877  -71.166    188.7    923.2    271.1    265.0      0.0    250.0     78.8      1.8      1.8
    546.6      0.0
     1     1    72     4    15     6     0     0   -12.0   52.846  -71.249    197.5    922.3    271.2    265.0      0.0    250.0     77.3      1.7      1.8
    546.1      0.0
     1     1    72     4    15     5     0     0   -13.0   52.834  -71.346    207.9    920.9    271.9    265.5      0.0    278.1     73.2      1.7      1.7
    550.7      0.0
     1     1    72     4    15     4     0     0   -14.0   52.843  -71.469    218.6    919.9    272.4    266.0      0.0    300.2     69.4      1.7      1.7
    547.2      0.0
     1     1    72     4    15     3     0     0   -15.0   52.873  -71.616    229.8    919.1    272.9    266.4      0.0    314.6     66.0      1.7      1.7
    542.2      0.0
     1     1    72     4    15     2     0     0   -16.0   52.926  -71.787    241.6    918.5    273.3    266.7      0.0    319.5     63.0      1.6      1.6
    535.6      0.0
     1     1    72     4    15     1     0     0   -17.0   53.002  -71.979    254.3    918.0    273.6    266.9      0.0    313.5     60.6      1.6      1.6
    527.2      0.0
     1     1    72     4    15     0     0     0   -18.0   53.105  -72.190    268.3    917.7    273.7    267.1      0.0    295.3     58.7      1.6      1.6
    516.8      0.0
     1     1    72     4    14    23     0     0   -19.0   53.218  -72.412    283.0    916.8    273.5    266.8      0.0    284.6     63.3      1.6      1.7
    503.6    118.9
     1     1    72     4    14    22     0     0   -20.0   53.328  -72.635    297.4    916.6    273.3    266.6      0.0    293.3     68.6      1.8      1.8
    487.4    290.5
     1     1    72     4    14    21     0     0   -21.0   53.432  -72.858    311.5    916.8    273.1    266.4      0.0    310.4     74.0      1.9      1.9
    468.8    451.4
     1     1    72     4    14    20     0     0   -22.0   53.531  -73.081    325.3    917.1    272.9    266.2      0.0    321.1     79.2      2.0      2.0
    450.7    590.3
     1     1    72     4    14    19     0     0   -23.0   53.630  -73.303    339.2    917.5    272.7    266.0      0.0    326.0     84.3      2.1      2.1
    432.9    697.6
     1     1    72     4    14    18     0     0   -24.0   53.730  -73.524    353.4    917.8    272.4    265.8      0.0    325.4     89.3      2.2      2.2
    415.3    765.9
