     3     1
    CDC1    72     4     1     0     0
    CDC1    72     5     1     0     0
    CDC1    72     6     1     0     0
     1 BACKWARD OMEGA   
    72     5    10    18   54.450  -70.500   200.0
    10 PRESSURE THETA    AIR_TEMP RAINFALL MIXDEPTH RELHUMID SPCHUMID H2OMIXRA TERR_MSL SUN_FLUX
     1     1    72     5    10    18     0     0     0.0   54.450  -70.500    200.0    935.2    272.9    267.7      0.0    976.9     80.0      2.2      2.2
    501.6    847.4
     1     1    72     5    10    17     0     0    -1.0   54.348  -70.347    201.9    934.2    272.4    267.1      0.0    871.3     77.1      2.0      2.0
    509.8    883.2
     1     1    72     5    10    16     0     0    -2.0   54.258  -70.199    204.5    933.2    271.8    266.5      0.0    758.3     73.8      1.8      1.9
    517.5    879.0
     1     1    72     5    10    15     0     0    -3.0   54.182  -70.057    207.6    932.3    271.4    266.0      0.0    639.4     70.3      1.7      1.7
    524.4    834.1
     1     1    72     5    10    14     0     0    -4.0   54.119  -69.919    211.3    931.4    270.9    265.5      0.0    513.5     66.7      1.5      1.5
    530.2    751.3
     1     1    72     5    10    13     0     0    -5.0   54.069  -69.786    215.9    930.5    270.5    264.9      0.0    382.9     62.9      1.4      1.4
    534.9    635.9
     1     1    72     5    10    12     0     0    -6.0   54.032  -69.658    221.3    929.6    270.0    264.4      0.0    250.0     59.0      1.3      1.3
    539.0    495.7
     1     1    72     5    10    11     0     0    -7.0   53.998  -69.527    225.7    928.2    270.0    264.3      0.0    250.0     62.8      1.3      1.3
    550.8    340.3
     1     1    72     5    10    10     0     0    -8.0   53.954  -69.390    227.4    927.3    270.1    264.3      0.0    250.0     66.7      1.4      1.4
    554.7    180.0
     1     1    72     5    10     9     0     0    -9.0   53.900  -69.245    226.3    926.8    270.1    264.3      0.0    250.0     70.6      1.5      1.5
    559.0     25.3
     1     1    72     5    10     8     0     0   -10.0   53.837  -69.091    222.2    926.6    270.2    264.4      0.0    250.0     74.4      1.6      1.6
    563.6      0.0
     1     1    72     5    10     7     0     0   -11.0   53.764  -68.930    215.4    926.9    270.3    264.5      0.0    250.0     78.0      1.7      1.7
    568.4      0.0
     1     1    72     5    10     6     0     0   -12.0   53.683  -68.759    205.8    927.5    270.4    264.6      0.0    250.0     81.4      1.8      1.8
    573.5      0.0
     1     1    72     5    10     5     0     0   -13.0   53.610  -68.589    196.9    928.9    270.7    265.1      0.0    323.4     81.3      1.8      1.8
    566.9      0.0
     1     1    72     5    10     4     0     0   -14.0   53.562  -68.434    191.8    929.2    271.0    265.4      0.0    397.0     80.9      1.9      1.9
    570.4      0.0
     1     1    72     5    10     3     0     0   -15.0   53.541  -68.296    190.6    929.3    271.3    265.7      0.0    472.7     80.3      1.9      1.9
    573.0      0.0
     1     1    72     5    10     2     0     0   -16.0   53.546  -68.174    193.0    929.1    271.6    266.0      0.0    551.9     79.6      1.9      1.9
    574.7      0.0
     1     1    72     5    10     1     0     0   -17.0   53.578  -68.069    199.4    928.5    271.9    266.2      0.0    635.9     79.1      1.9      1.9
    575.6      0.0
     1     1    72     5    10     0     0     0   -18.0   53.636  -67.981    209.5    927.4    272.0    266.2      0.0    725.9     78.5      1.9      1.9
    575.7     24.4
     1     1    72     5     9    23     0     0   -19.0   53.704  -67.924    220.6    925.4    271.8    265.8      0.0    767.3     80.6      1.9      1.9
    587.3    181.0
     1     1    72     5     9    22     0     0   -20.0   53.764  -67.906    229.9    924.0    271.6    265.6      0.0    802.5     82.9      1.9      2.0
    586.3    343.4
     1     1    72     5     9    21     0     0   -21.0   53.816  -67.926    237.2    923.1    271.5    265.3      0.0    833.2     85.3      2.0      2.0
    584.7    500.7
     1     1    72     5     9    20     0     0   -22.0   53.860  -67.981    242.5    922.4    271.3    265.1      0.0    861.1     87.6      2.0      2.0
    582.5    642.0
     1     1    72     5     9    19     0     0   -23.0   53.894  -68.069    245.7    922.1    271.1    264.9      0.0    887.4     89.8      2.0      2.0
    579.7    757.8
     1     1    72     5     9    18     0     0   -24.0   53.918  -68.188    246.8    922.2    271.0    264.8      0.0    913.4     91.9      2.0      2.0
    576.4    839.8
