     3     1
    CDC1    72     4     1     0     0
    CDC1    72     5     1     0     0
    CDC1    72     6     1     0     0
     1 BACKWARD OMEGA   
    72     6     1    18   54.450  -70.500   200.0
    10 PRESSURE THETA    AIR_TEMP RAINFALL MIXDEPTH RELHUMID SPCHUMID H2OMIXRA TERR_MSL SUN_FLUX
     1     1    72     6     1    18     0     0     0.0   54.450  -70.500    200.0    927.8    285.6    279.6      0.0    484.2     86.9      5.6      5.6
    503.1    448.8
     1     1    72     6     1    17     0     0    -1.0   54.441  -70.372    194.1    928.5    284.7    278.8      0.0    423.0     86.2      5.2      5.3
    507.2    465.2
     1     1    72     6     1    16     0     0    -2.0   54.418  -70.221    191.0    928.6    283.9    277.9      0.0    366.6     85.5      4.9      4.9
    512.7    462.3
     1     1    72     6     1    15     0     0    -3.0   54.379  -70.045    190.5    928.3    283.0    277.0      0.0    318.4     84.9      4.6      4.6
    519.5    439.9
     1     1    72     6     1    14     0     0    -4.0   54.323  -69.843    192.3    927.8    282.1    276.2      0.0    289.6     83.9      4.3      4.3
    526.2    399.5
     1     1    72     6     1    13     0     0    -5.0   54.250  -69.609    196.0    927.1    281.3    275.3      0.0    267.8     82.7      4.0      4.0
    533.5    343.9
     1     1    72     6     1    12     0     0    -6.0   54.158  -69.342    201.2    925.9    280.6    274.5      0.0    250.0     81.6      3.7      3.7
    541.8    276.6
     1     1    72     6     1    11     0     0    -7.0   54.049  -69.047    205.1    924.1    280.5    274.2      0.0    250.0     82.5      3.7      3.7
    549.7    202.0
     1     1    72     6     1    10     0     0    -8.0   53.923  -68.733    205.1    923.1    280.3    273.9      0.0    250.0     83.6      3.6      3.7
    558.7    124.8
     1     1    72     6     1     9     0     0    -9.0   53.782  -68.401    200.9    922.7    280.1    273.7      0.0    250.0     85.0      3.6      3.7
    567.7     50.0
     1     1    72     6     1     8     0     0   -10.0   53.630  -68.051    192.4    922.9    279.8    273.5      0.3    250.0     86.6      3.7      3.7
    576.4      0.0
     1     1    72     6     1     7     0     0   -11.0   53.470  -67.688    179.7    923.2    279.5    273.2      0.3    250.0     88.7      3.7      3.7
    584.7      0.0
     1     1    72     6     1     6     0     0   -12.0   53.311  -67.319    163.6    924.6    279.0    272.8      0.3    250.0     90.8      3.6      3.7
    587.8      0.0
     1     1    72     6     1     5     0     0   -13.0   53.178  -66.947    147.0    927.0    279.1    273.1      0.0    254.4     89.5      3.7      3.7
    588.7      0.0
     1     1    72     6     1     4     0     0   -14.0   53.087  -66.570    132.5    929.0    279.2    273.4      0.0    256.2     88.0      3.7      3.7
    586.0      0.0
     1     1    72     6     1     3     0     0   -15.0   53.037  -66.190    120.0    930.9    279.2    273.6      0.0    256.4     86.2      3.6      3.6
    582.9      0.0
     1     1    72     6     1     2     0     0   -16.0   53.025  -65.810    109.5    932.7    279.3    273.7      0.0    255.7     84.3      3.6      3.6
    579.5      0.0
     1     1    72     6     1     1     0     0   -17.0   53.047  -65.432    101.0    934.3    279.2    273.9      0.0    254.0     82.5      3.5      3.5
    575.7      0.0
     1     1    72     6     1     0     0     0   -18.0   53.101  -65.058     94.2    935.7    279.2    274.0      0.0    250.7     80.8      3.5      3.5
    571.6     33.0
     1     1    72     5    31    23     0     0   -19.0   53.176  -64.713     89.1    938.1    278.7    273.6      0.1    265.3     83.1      3.5      3.5
    550.5    107.7
     1     1    72     5    31    22     0     0   -20.0   53.262  -64.419     85.2    940.4    278.3    273.4      0.1    281.6     85.4      3.5      3.5
    535.8    186.1
     1     1    72     5    31    21     0     0   -21.0   53.357  -64.172     82.4    942.2    277.9    273.2      0.1    299.3     87.5      3.5      3.6
    522.7    263.2
     1     1    72     5    31    20     0     0   -22.0   53.460  -63.969     80.4    943.7    277.6    273.1      0.1    318.7     89.4      3.6      3.6
    511.2    333.7
     1     1    72     5    31    19     0     0   -23.0   53.570  -63.806     79.2    944.8    277.4    272.9      0.1    340.2     91.2      3.6      3.6
    501.2    392.9
     1     1    72     5    31    18     0     0   -24.0   53.687  -63.680     78.6    945.7    277.2    272.8      0.1    364.4     92.8      3.6      3.7
    492.6    436.7
