     3     1
    CDC1    72     4     1     0     0
    CDC1    72     5     1     0     0
    CDC1    72     6     1     0     0
     1 BACKWARD OMEGA   
    72     5    25    18   54.450  -70.500   200.0
    10 PRESSURE THETA    AIR_TEMP RAINFALL MIXDEPTH RELHUMID SPCHUMID H2OMIXRA TERR_MSL SUN_FLUX
     1     1    72     5    25    18     0     0     0.0   54.450  -70.500    200.0    944.4    277.8    273.2      0.0    356.8     78.9      3.2      3.2
    506.6    885.1
     1     1    72     5    25    17     0     0    -1.0   54.458  -70.645    208.0    944.1    277.2    272.7      0.0    334.5     74.4      2.9      2.9
    501.4    918.8
     1     1    72     5    25    16     0     0    -2.0   54.470  -70.776    216.9    943.6    276.7    272.1      0.0    314.0     70.0      2.6      2.6
    496.4    912.0
     1     1    72     5    25    15     0     0    -3.0   54.487  -70.895    226.7    943.0    276.2    271.6      0.0    295.4     65.8      2.4      2.4
    491.6    864.2
     1     1    72     5    25    14     0     0    -4.0   54.508  -71.001    237.4    942.3    275.7    271.1      0.0    278.7     61.8      2.1      2.2
    487.0    779.1
     1     1    72     5    25    13     0     0    -5.0   54.532  -71.097    249.0    941.5    275.3    270.6      0.0    263.6     57.9      1.9      2.0
    482.7    662.5
     1     1    72     5    25    12     0     0    -6.0   54.560  -71.182    261.4    940.6    275.0    270.2      0.0    250.0     54.2      1.8      1.8
    478.5    522.7
     1     1    72     5    25    11     0     0    -7.0   54.583  -71.247    275.5    938.8    274.8    269.8      0.0    250.0     56.9      1.8      1.8
    484.0    369.4
     1     1    72     5    25    10     0     0    -8.0   54.594  -71.282    292.7    936.3    274.6    269.4      0.0    250.0     59.6      1.8      1.9
    482.4    213.3
     1     1    72     5    25     9     0     0    -9.0   54.593  -71.285    313.4    933.3    274.4    269.0      0.0    250.0     62.2      1.9      1.9
    482.4     64.9
     1     1    72     5    25     8     0     0   -10.0   54.583  -71.255    338.2    929.7    274.3    268.6      0.0    250.0     64.9      1.9      1.9
    483.7      0.0
     1     1    72     5    25     7     0     0   -11.0   54.563  -71.188    367.7    925.6    274.2    268.2      0.0    250.0     67.6      1.9      1.9
    486.6      0.0
     1     1    72     5    25     6     0     0   -12.0   54.537  -71.081    402.0    920.2    274.2    267.7      0.0    250.0     69.9      1.9      1.9
    491.1      0.0
     1     1    72     5    25     5     0     0   -13.0   54.529  -70.942    441.3    914.6    274.7    267.7      0.0    271.2     69.3      1.9      1.9
    492.4      0.0
     1     1    72     5    25     4     0     0   -14.0   54.558  -70.785    486.3    908.7    275.1    267.6      0.0    292.5     68.2      1.9      1.9
    496.0      0.0
     1     1    72     5    25     3     0     0   -15.0   54.627  -70.610    537.5    902.4    275.4    267.5      0.0    313.7     66.8      1.9      1.9
    498.6      0.0
     1     1    72     5    25     2     0     0   -16.0   54.734  -70.416    595.7    895.8    275.7    267.2      0.0    334.9     64.8      1.8      1.8
    500.3      0.0
     1     1    72     5    25     1     0     0   -17.0   54.879  -70.198    662.5    888.0    276.0    266.8      0.0    356.1     61.5      1.6      1.7
    501.3      0.0
     1     1    72     5    25     0     0     0   -18.0   55.062  -69.952    739.6    879.1    276.3    266.3      0.0    377.3     56.9      1.5      1.5
    499.5    112.4
     1     1    72     5    24    23     0     0   -19.0   55.275  -69.699    819.0    869.7    276.5    265.7      0.0    386.2     56.5      1.4      1.4
    485.8    260.9
     1     1    72     5    24    22     0     0   -20.0   55.506  -69.457    890.1    862.8    276.5    265.1      0.0    407.8     58.7      1.4      1.4
    473.8    412.0
     1     1    72     5    24    21     0     0   -21.0   55.753  -69.219    951.2    856.8    276.4    264.5      0.0    440.4     63.1      1.5      1.5
    459.6    555.7
     1     1    72     5    24    20     0     0   -22.0   56.010  -68.981   1001.1    852.1    276.2    263.8      0.0    482.1     68.2      1.5      1.5
    443.6    682.3
     1     1    72     5    24    19     0     0   -23.0   56.274  -68.734   1039.2    848.9    275.8    263.2      0.0    530.7     74.0      1.6      1.6
    426.1    783.8
     1     1    72     5    24    18     0     0   -24.0   56.539  -68.469   1065.1    847.3    275.3    262.5      0.0    584.0     80.6      1.6      1.6
    407.8    853.9
