     3     1
    CDC1    72     4     1     0     0
    CDC1    72     5     1     0     0
    CDC1    72     6     1     0     0
     1 BACKWARD OMEGA   
    72     5    30    18   54.450  -70.500   200.0
    10 PRESSURE THETA    AIR_TEMP RAINFALL MIXDEPTH RELHUMID SPCHUMID H2OMIXRA TERR_MSL SUN_FLUX
     1     1    72     5    30    18     0     0     0.0   54.450  -70.500    200.0    930.7    276.9    271.2      0.0    901.9     73.1      2.6      2.6
    512.5    447.2
     1     1    72     5    30    17     0     0    -1.0   54.452  -70.671    203.7    931.0    275.9    270.3      0.0    843.0     74.8      2.5      2.5
    506.7    463.8
     1     1    72     5    30    16     0     0    -2.0   54.467  -70.845    210.9    930.7    274.8    269.3      0.0    785.4     76.6      2.4      2.4
    500.2    460.1
     1     1    72     5    30    15     0     0    -3.0   54.493  -71.025    221.7    930.1    273.8    268.1      0.0    730.4     78.5      2.2      2.2
    493.0    435.9
     1     1    72     5    30    14     0     0    -4.0   54.529  -71.212    236.3    929.1    272.7    267.0      0.0    678.4     80.5      2.1      2.1
    485.2    392.9
     1     1    72     5    30    13     0     0    -5.0   54.575  -71.409    254.7    927.8    271.5    265.7      0.0    629.2     82.5      2.0      2.0
    476.5    334.1
     1     1    72     5    30    12     0     0    -6.0   54.631  -71.616    277.3    926.2    270.3    264.5      0.0    582.9     84.5      1.8      1.8
    466.9    263.8
     1     1    72     5    30    11     0     0    -7.0   54.699  -71.854    301.2    924.3    270.4    264.4      0.0    587.1     87.1      1.9      1.9
    456.1    186.8
     1     1    72     5    30    10     0     0    -8.0   54.783  -72.139    323.1    923.4    270.3    264.2      0.0    594.4     89.9      1.9      1.9
    443.2    108.4
     1     1    72     5    30     9     0     0    -9.0   54.885  -72.472    342.6    923.1    270.1    264.0      0.0    605.4     92.6      1.9      1.9
    427.6     34.4
     1     1    72     5    30     8     0     0   -10.0   55.006  -72.856    359.9    923.9    269.9    263.9      0.0    619.8     94.6      2.0      2.0
    404.4      0.0
     1     1    72     5    30     7     0     0   -11.0   55.144  -73.284    374.4    925.5    269.8    263.9      0.0    616.8     95.9      2.0      2.0
    376.6      0.0
     1     1    72     5    30     6     0     0   -12.0   55.294  -73.751    386.0    927.6    269.7    264.0      0.0    606.9     96.7      2.0      2.0
    346.6      0.0
     1     1    72     5    30     5     0     0   -13.0   55.446  -74.237    396.5    929.7    270.0    264.4      0.0    647.1     96.4      2.1      2.1
    318.8      0.0
     1     1    72     5    30     4     0     0   -14.0   55.594  -74.727    407.6    931.5    270.1    264.7      0.0    689.0     96.1      2.1      2.1
    289.7      0.0
     1     1    72     5    30     3     0     0   -15.0   55.739  -75.220    418.4    933.6    270.3    265.0      0.0    721.5     96.1      2.1      2.2
    256.7      0.0
     1     1    72     5    30     2     0     0   -16.0   55.886  -75.720    428.0    936.5    270.4    265.4      0.0    744.6     95.8      2.2      2.2
    218.7      0.0
     1     1    72     5    30     1     0     0   -17.0   56.035  -76.224    436.0    939.7    270.5    265.7      0.0    776.7     95.4      2.2      2.2
    181.8     28.7
     1     1    72     5    30     0     0     0   -18.0   56.192  -76.734    442.0    943.1    270.5    266.0      0.0    819.4     94.9      2.3      2.3
    146.1    101.1
     1     1    72     5    29    23     0     0   -19.0   56.347  -77.254    443.8    946.8    270.3    266.1      0.1    802.4     93.4      2.2      2.2
    107.1    177.9
     1     1    72     5    29    22     0     0   -20.0   56.492  -77.789    439.5    950.8    270.2    266.3      0.1    809.4     92.8      2.2      2.3
     80.3    253.6
     1     1    72     5    29    21     0     0   -21.0   56.627  -78.338    430.1    954.7    270.2    266.6      0.1    826.6     92.9      2.3      2.3
     60.3    322.8
     1     1    72     5    29    20     0     0   -22.0   56.753  -78.898    416.5    959.1    270.1    266.9      0.0    842.5     93.3      2.3      2.3
     41.1    380.4
     1     1    72     5    29    19     0     0   -23.0   56.868  -79.469    399.6    963.9    270.0    267.2      0.0    857.2     94.2      2.4      2.4
     22.8    422.4
     1     1    72     5    29    18     0     0   -24.0   56.972  -80.051    380.2    968.8    269.9    267.4      0.0    870.4     95.5      2.5      2.5
      6.8    445.8
