     3     1
    CDC1    72     4     1     0     0
    CDC1    72     5     1     0     0
    CDC1    72     6     1     0     0
     1 BACKWARD OMEGA   
    72     4    16    18   54.450  -70.500   200.0
    10 PRESSURE THETA    AIR_TEMP RAINFALL MIXDEPTH RELHUMID SPCHUMID H2OMIXRA TERR_MSL SUN_FLUX
     1     1    72     4    16    18     0     0     0.0   54.450  -70.500    200.0    920.6    276.8    270.3      0.0    526.5     91.8      3.1      3.1
    505.7    756.4
     1     1    72     4    16    17     0     0    -1.0   54.459  -70.486    186.7    922.0    276.6    270.2      0.0    482.5     88.9      3.0      3.0
    505.9    789.8
     1     1    72     4    16    16     0     0    -2.0   54.461  -70.492    173.8    923.2    276.3    270.1      0.0    435.8     85.8      2.8      2.8
    505.6    781.4
     1     1    72     4    16    15     0     0    -3.0   54.456  -70.520    161.4    924.5    276.1    269.9      0.0    388.1     82.5      2.7      2.7
    504.8    730.5
     1     1    72     4    16    14     0     0    -4.0   54.443  -70.566    149.6    925.9    275.7    269.7      0.0    340.6     79.1      2.5      2.5
    503.6    640.6
     1     1    72     4    16    13     0     0    -5.0   54.424  -70.630    138.3    927.3    275.4    269.5      0.0    294.3     75.7      2.4      2.4
    502.1    517.4
     1     1    72     4    16    12     0     0    -6.0   54.398  -70.710    127.5    928.7    275.0    269.2      0.0    250.0     72.1      2.2      2.2
    500.4    369.4
     1     1    72     4    16    11     0     0    -7.0   54.364  -70.793    118.0    930.0    274.7    269.1      0.0    250.0     75.6      2.3      2.3
    500.1    206.7
     1     1    72     4    16    10     0     0    -8.0   54.319  -70.872    110.0    930.9    274.5    268.9      0.0    250.0     79.3      2.4      2.4
    499.5     40.3
     1     1    72     4    16     9     0     0    -9.0   54.264  -70.948    103.2    931.5    274.4    268.8      0.0    250.0     83.1      2.5      2.5
    499.5      0.0
     1     1    72     4    16     8     0     0   -10.0   54.198  -71.021     97.4    932.0    274.3    268.8      0.0    250.0     87.0      2.6      2.6
    500.0      0.0
     1     1    72     4    16     7     0     0   -11.0   54.121  -71.093     92.3    932.4    274.2    268.7      0.0    250.0     91.1      2.7      2.7
    501.1      0.0
     1     1    72     4    16     6     0     0   -12.0   54.034  -71.165     87.7    932.6    274.1    268.7      0.0    250.0     95.4      2.8      2.8
    502.7      0.0
     1     1    72     4    16     5     0     0   -13.0   53.942  -71.247     82.6    933.2    274.7    269.3      0.0    282.7     91.0      2.8      2.8
    511.3      0.0
     1     1    72     4    16     4     0     0   -14.0   53.855  -71.345     76.5    934.1    275.2    269.9      0.0    312.4     86.5      2.8      2.8
    511.6      0.0
     1     1    72     4    16     3     0     0   -15.0   53.773  -71.460     69.3    935.1    275.8    270.5      0.0    339.0     82.0      2.8      2.8
    511.3      0.0
     1     1    72     4    16     2     0     0   -16.0   53.698  -71.594     61.4    936.1    276.3    271.2      0.0    362.5     77.3      2.7      2.7
    510.2      0.0
     1     1    72     4    16     1     0     0   -17.0   53.631  -71.747     53.1    937.2    276.9    271.8      0.0    383.2     72.7      2.7      2.7
    508.2      0.0
     1     1    72     4    16     0     0     0   -18.0   53.575  -71.924     44.8    938.5    277.5    272.5      0.0    401.0     68.0      2.6      2.6
    505.3      0.0
     1     1    72     4    15    23     0     0   -19.0   53.515  -72.101     37.6    940.0    276.9    272.0      0.0    369.0     73.2      2.7      2.7
    502.7    120.9
     1     1    72     4    15    22     0     0   -20.0   53.434  -72.250     32.2    941.1    276.4    271.6      0.0    340.8     78.3      2.8      2.8
    502.4    290.7
     1     1    72     4    15    21     0     0   -21.0   53.328  -72.370     28.0    941.7    275.9    271.2      0.0    315.7     83.3      2.9      2.9
    503.9    451.5
     1     1    72     4    15    20     0     0   -22.0   53.194  -72.457     25.0    942.0    275.6    270.9      0.0    292.8     88.3      3.0      3.0
    507.6    592.3
     1     1    72     4    15    19     0     0   -23.0   53.032  -72.512     22.9    942.0    275.3    270.6      0.0    271.7     93.2      3.1      3.1
    512.9    703.8
     1     1    72     4    15    18     0     0   -24.0   52.838  -72.536     21.7    941.8    275.1    270.5      0.0    251.8     98.0      3.3      3.3
    520.0    778.4
