     3     1
    CDC1    72     4     1     0     0
    CDC1    72     5     1     0     0
    CDC1    72     6     1     0     0
     1 BACKWARD OMEGA   
    72     5    21    18   54.450  -70.500   200.0
    10 PRESSURE THETA    AIR_TEMP RAINFALL MIXDEPTH RELHUMID SPCHUMID H2OMIXRA TERR_MSL SUN_FLUX
     1     1    72     5    21    18     0     0     0.0   54.450  -70.500    200.0    925.5    277.8    271.7      0.0    868.0     80.1      3.0      3.0
    504.3    876.5
     1     1    72     5    21    17     0     0    -1.0   54.364  -70.652    187.3    927.3    277.2    271.3      0.0    777.9     82.0      2.9      3.0
    503.8    911.7
     1     1    72     5    21    16     0     0    -2.0   54.287  -70.776    177.0    928.5    276.6    270.8      0.0    692.3     84.0      2.9      2.9
    503.7    905.9
     1     1    72     5    21    15     0     0    -3.0   54.220  -70.872    168.8    929.4    276.1    270.3      0.0    610.8     86.1      2.9      2.9
    504.1    858.9
     1     1    72     5    21    14     0     0    -4.0   54.161  -70.940    162.7    930.1    275.5    269.8      0.0    532.0     88.3      2.8      2.8
    504.8    773.9
     1     1    72     5    21    13     0     0    -5.0   54.109  -70.977    158.7    930.5    274.9    269.3      0.0    454.5     90.6      2.8      2.8
    506.1    656.8
     1     1    72     5    21    12     0     0    -6.0   54.065  -70.984    157.0    930.6    274.4    268.8      0.0    377.2     92.9      2.8      2.8
    507.9    516.0
     1     1    72     5    21    11     0     0    -7.0   54.042  -70.974    155.9    930.6    274.7    269.1      0.0    361.1     92.8      2.8      2.8
    505.3    360.9
     1     1    72     5    21    10     0     0    -8.0   54.050  -70.959    154.1    931.0    275.0    269.5      0.0    345.0     92.7      2.9      2.9
    505.3    202.4
     1     1    72     5    21     9     0     0    -9.0   54.089  -70.940    151.7    931.6    275.3    269.7      0.0    328.9     92.5      2.9      3.0
    504.2     51.4
     1     1    72     5    21     8     0     0   -10.0   54.157  -70.916    148.8    932.4    275.4    269.9      0.0    313.2     92.2      3.0      3.0
    502.0      0.0
     1     1    72     5    21     7     0     0   -11.0   54.252  -70.889    145.6    933.4    275.4    270.0      0.0    297.9     91.7      3.0      3.0
    498.8      0.0
     1     1    72     5    21     6     0     0   -12.0   54.374  -70.859    142.3    934.6    275.2    269.9      0.0    283.1     90.9      2.9      2.9
    494.6      0.0
     1     1    72     5    21     5     0     0   -13.0   54.508  -70.834    139.7    935.7    275.7    270.5      0.0    313.7     90.0      3.0      3.0
    480.1      0.0
     1     1    72     5    21     4     0     0   -14.0   54.648  -70.819    138.7    936.6    276.1    270.9      0.0    335.4     89.0      3.1      3.1
    473.7      0.0
     1     1    72     5    21     3     0     0   -15.0   54.794  -70.813    139.0    937.5    276.4    271.3      0.0    347.6     88.0      3.1      3.1
    466.7      0.0
     1     1    72     5    21     2     0     0   -16.0   54.952  -70.812    140.8    938.4    276.7    271.7      0.0    349.3     87.0      3.2      3.2
    459.0      0.0
     1     1    72     5    21     1     0     0   -17.0   55.122  -70.820    143.7    939.4    277.1    272.2      0.0    377.2     87.0      3.3      3.3
    449.2      0.0
     1     1    72     5    21     0     0     0   -18.0   55.301  -70.851    147.5    940.5    277.6    272.7      0.0    429.5     87.6      3.4      3.5
    437.6    109.9
     1     1    72     5    20    23     0     0   -19.0   55.472  -70.923    150.3    941.3    277.6    272.8      0.0    454.8     88.7      3.5      3.5
    426.9    261.7
     1     1    72     5    20    22     0     0   -20.0   55.617  -71.046    150.8    942.6    277.6    272.9      0.0    476.3     89.7      3.5      3.6
    414.5    416.3
     1     1    72     5    20    21     0     0   -21.0   55.739  -71.215    149.3    944.0    277.6    273.0      0.0    491.1     90.3      3.6      3.6
    402.7    563.0
     1     1    72     5    20    20     0     0   -22.0   55.840  -71.425    146.1    945.5    277.6    273.1      0.0    497.9     90.7      3.6      3.7
    391.5    692.0
     1     1    72     5    20    19     0     0   -23.0   55.925  -71.674    141.7    947.2    277.6    273.3      0.0    495.9     90.8      3.7      3.7
    380.7    794.2
     1     1    72     5    20    18     0     0   -24.0   55.994  -71.960    136.3    948.9    277.7    273.5      0.0    484.9     90.6      3.7      3.7
    370.2    862.6
