     3     1
    CDC1    72     4     1     0     0
    CDC1    72     5     1     0     0
    CDC1    72     6     1     0     0
     1 BACKWARD OMEGA   
    72     4    10    18   54.450  -70.500   200.0
    10 PRESSURE THETA    AIR_TEMP RAINFALL MIXDEPTH RELHUMID SPCHUMID H2OMIXRA TERR_MSL SUN_FLUX
     1     1    72     4    10    18     0     0     0.0   54.450  -70.500    200.0    926.9    270.8    265.0      0.0    568.2     85.5      1.9      1.9
    515.2    728.1
     1     1    72     4    10    17     0     0    -1.0   54.366  -70.367    219.2    923.9    270.1    264.0      0.0    526.2     83.3      1.7      1.7
    522.9    761.8
     1     1    72     4    10    16     0     0    -2.0   54.305  -70.207    239.1    920.7    269.4    263.1      0.0    481.1     81.2      1.6      1.6
    530.6    753.7
     1     1    72     4    10    15     0     0    -3.0   54.266  -70.020    259.8    917.6    268.8    262.3      0.0    432.3     79.2      1.5      1.5
    538.2    703.5
     1     1    72     4    10    14     0     0    -4.0   54.252  -69.801    281.3    914.7    268.3    261.5      0.0    367.6     77.1      1.3      1.3
    543.7    614.7
     1     1    72     4    10    13     0     0    -5.0   54.265  -69.548    303.2    911.8    267.8    260.8      0.0    305.9     75.3      1.2      1.2
    548.8    493.6
     1     1    72     4    10    12     0     0    -6.0   54.304  -69.258    325.6    909.0    267.3    260.1      0.0    250.0     73.6      1.2      1.2
    554.0    348.6
     1     1    72     4    10    11     0     0    -7.0   54.361  -68.939    349.3    905.8    267.5    260.0      0.0    250.0     75.4      1.2      1.2
    563.1    189.7
     1     1    72     4    10    10     0     0    -8.0   54.429  -68.606    374.7    902.4    267.7    260.0      0.0    250.0     76.5      1.2      1.2
    568.0     27.1
     1     1    72     4    10     9     0     0    -9.0   54.508  -68.258    401.7    898.3    268.1    259.9      0.0    250.0     76.6      1.2      1.2
    573.3      0.0
     1     1    72     4    10     8     0     0   -10.0   54.600  -67.899    430.2    894.0    268.4    259.9      0.0    250.0     76.1      1.2      1.2
    578.9      0.0
     1     1    72     4    10     7     0     0   -11.0   54.703  -67.531    460.0    889.8    268.8    260.0      0.0    250.0     75.0      1.2      1.2
    585.0      0.0
     1     1    72     4    10     6     0     0   -12.0   54.815  -67.156    490.0    886.5    269.2    260.1      0.0    250.0     73.8      1.2      1.2
    581.9      0.0
     1     1    72     4    10     5     0     0   -13.0   54.940  -66.780    519.4    884.3    269.6    260.3      0.0    250.0     73.6      1.2      1.2
    568.7      0.0
     1     1    72     4    10     4     0     0   -14.0   55.079  -66.415    548.9    882.6    270.0    260.5      0.0    250.0     72.7      1.2      1.2
    559.6      0.0
     1     1    72     4    10     3     0     0   -15.0   55.227  -66.078    578.5    881.7    270.3    260.8      0.0    250.0     71.7      1.2      1.2
    544.5      0.0
     1     1    72     4    10     2     0     0   -16.0   55.382  -65.776    608.2    880.9    270.6    261.0      0.0    250.0     71.1      1.2      1.2
    528.7      0.0
     1     1    72     4    10     1     0     0   -17.0   55.538  -65.515    638.7    879.7    270.9    261.1      0.0    250.0     70.8      1.2      1.2
    512.7      0.0
     1     1    72     4    10     0     0     0   -18.0   55.694  -65.297    670.5    878.3    271.1    261.2      0.0    250.0     71.0      1.3      1.3
    496.7      0.0
     1     1    72     4     9    23     0     0   -19.0   55.843  -65.120    703.8    876.1    271.1    261.1      0.0    271.3     73.8      1.3      1.3
    478.3     22.8
     1     1    72     4     9    22     0     0   -20.0   55.981  -64.977    738.0    874.0    271.2    260.9      0.0    292.2     76.9      1.3      1.3
    462.7    181.3
     1     1    72     4     9    21     0     0   -21.0   56.109  -64.867    773.7    872.2    271.2    260.7      0.0    310.6     79.9      1.4      1.4
    444.1    335.2
     1     1    72     4     9    20     0     0   -22.0   56.231  -64.790    810.5    870.0    271.2    260.6      0.0    328.3     82.8      1.4      1.4
    428.2    474.4
     1     1    72     4     9    19     0     0   -23.0   56.347  -64.741    848.6    867.5    271.2    260.4      0.0    345.9     85.7      1.4      1.4
    414.3    589.4
     1     1    72     4     9    18     0     0   -24.0   56.459  -64.719    887.7    864.7    271.3    260.3      0.0    364.2     88.7      1.5      1.5
    402.1    672.5
