     3     1
    CDC1    72     4     1     0     0
    CDC1    72     5     1     0     0
    CDC1    72     6     1     0     0
     1 BACKWARD OMEGA   
    72     4    17    18   54.450  -70.500   200.0
    10 PRESSURE THETA    AIR_TEMP RAINFALL MIXDEPTH RELHUMID SPCHUMID H2OMIXRA TERR_MSL SUN_FLUX
     1     1    72     4    17    18     0     0     0.0   54.450  -70.500    200.0    924.4    270.9    264.9      0.0    499.1     95.3      2.1      2.1
    502.2    380.5
     1     1    72     4    17    17     0     0    -1.0   54.604  -70.446    205.8    923.9    270.2    264.1      0.0    477.9     91.4      1.9      1.9
    498.3    396.3
     1     1    72     4    17    16     0     0    -2.0   54.768  -70.366    212.0    923.2    269.4    263.3      0.0    451.1     87.2      1.7      1.7
    494.8    391.2
     1     1    72     4    17    15     0     0    -3.0   54.944  -70.260    218.9    922.3    268.6    262.4      0.0    417.5     82.9      1.5      1.5
    491.8    365.5
     1     1    72     4    17    14     0     0    -4.0   55.137  -70.134    226.2    921.9    267.9    261.7      0.0    373.1     79.4      1.4      1.4
    484.5    321.1
     1     1    72     4    17    13     0     0    -5.0   55.348  -69.996    233.5    921.8    267.2    261.1      0.0    326.5     77.1      1.3      1.3
    474.2    261.2
     1     1    72     4    17    12     0     0    -6.0   55.577  -69.856    240.7    922.2    266.6    260.5      0.0    280.0     75.9      1.2      1.2
    461.2    190.1
     1     1    72     4    17    11     0     0    -7.0   55.807  -69.727    247.4    922.7    266.7    260.6      0.0    293.5     81.8      1.3      1.3
    447.0    112.6
     1     1    72     4    17    10     0     0    -8.0   56.019  -69.614    252.9    923.3    266.8    260.8      0.0    306.8     86.8      1.4      1.4
    434.2     34.0
     1     1    72     4    17     9     0     0    -9.0   56.214  -69.511    256.6    924.1    267.0    261.0      0.0    319.4     90.8      1.5      1.5
    422.0      0.0
     1     1    72     4    17     8     0     0   -10.0   56.390  -69.414    258.3    925.0    267.1    261.2      0.0    331.0     94.1      1.6      1.6
    410.9      0.0
     1     1    72     4    17     7     0     0   -11.0   56.546  -69.318    257.3    926.1    267.3    261.5      0.0    341.3     96.8      1.7      1.7
    400.8      0.0
     1     1    72     4    17     6     0     0   -12.0   56.683  -69.222    253.6    927.4    267.5    261.8      0.0    350.3     98.9      1.7      1.7
    392.1      0.0
     1     1    72     4    17     5     0     0   -13.0   56.814  -69.127    247.6    929.4    267.9    262.4      0.0    393.2     99.0      1.8      1.8
    380.3      0.0
     1     1    72     4    17     4     0     0   -14.0   56.954  -69.035    240.1    931.6    268.3    262.9      0.0    437.6     99.2      1.9      1.9
    370.8      0.0
     1     1    72     4    17     3     0     0   -15.0   57.106  -68.943    231.3    934.2    268.7    263.5      0.0    483.4     99.3      2.0      2.0
    360.4      0.0
     1     1    72     4    17     2     0     0   -16.0   57.269  -68.848    221.6    937.1    269.0    264.1      0.0    530.6     99.6      2.1      2.1
    348.8      0.0
     1     1    72     4    17     1     0     0   -17.0   57.445  -68.744    211.4    940.3    269.4    264.6      0.1    578.8     99.9      2.2      2.2
    336.0      0.0
     1     1    72     4    17     0     0     0   -18.0   57.633  -68.629    200.9    944.0    269.6    265.2      0.1    601.9    100.0      2.2      2.2
    319.9      0.0
     1     1    72     4    16    23     0     0   -19.0   57.817  -68.496    189.7    947.1    269.5    265.4      0.0    574.4     99.8      2.3      2.3
    314.5     50.7
     1     1    72     4    16    22     0     0   -20.0   57.983  -68.345    177.8    950.0    269.5    265.6      0.0    549.7     99.7      2.3      2.3
    298.4    125.3
     1     1    72     4    16    21     0     0   -21.0   58.131  -68.173    165.0    952.9    269.5    265.8      0.0    527.6     99.5      2.3      2.3
    283.2    196.4
     1     1    72     4    16    20     0     0   -22.0   58.262  -67.979    151.5    955.9    269.5    266.0      0.0    508.1     99.3      2.3      2.3
    268.9    259.5
     1     1    72     4    16    19     0     0   -23.0   58.376  -67.764    137.1    958.8    269.6    266.3      0.0    491.0     99.0      2.4      2.4
    255.5    310.5
     1     1    72     4    16    18     0     0   -24.0   58.474  -67.525    122.0    961.9    269.7    266.7      0.0    476.4     98.8      2.4      2.4
    243.0    346.3
