     3     1
    CDC1    72     4     1     0     0
    CDC1    72     5     1     0     0
    CDC1    72     6     1     0     0
     1 BACKWARD OMEGA   
    72     5     5    18   54.450  -70.500   200.0
    10 PRESSURE THETA    AIR_TEMP RAINFALL MIXDEPTH RELHUMID SPCHUMID H2OMIXRA TERR_MSL SUN_FLUX
     1     1    72     5     5    18     0     0     0.0   54.450  -70.500    200.0    929.7    275.2    269.5      0.0    754.3     99.0      3.1      3.1
    508.0    831.5
     1     1    72     5     5    17     0     0    -1.0   54.560  -70.757    199.6    931.4    274.6    269.1      0.0    653.6     98.0      3.0      3.0
    494.9    865.3
     1     1    72     5     5    16     0     0    -2.0   54.667  -71.016    199.2    933.1    274.0    268.6      0.0    557.9     96.9      2.8      2.8
    481.6    856.8
     1     1    72     5     5    15     0     0    -3.0   54.770  -71.279    198.9    934.8    273.3    268.1      0.0    470.0     95.6      2.7      2.7
    468.0    806.0
     1     1    72     5     5    14     0     0    -4.0   54.871  -71.549    198.6    936.5    272.7    267.6      0.0    391.4     94.3      2.5      2.6
    454.0    716.5
     1     1    72     5     5    13     0     0    -5.0   54.969  -71.828    198.3    938.3    272.0    267.1      0.0    323.9     92.8      2.4      2.4
    439.7    594.8
     1     1    72     5     5    12     0     0    -6.0   55.065  -72.118    198.1    940.2    271.2    266.5      0.0    268.9     91.6      2.3      2.3
    424.0    449.6
     1     1    72     5     5    11     0     0    -7.0   55.155  -72.407    196.5    941.7    271.1    266.4      0.0    254.5     92.6      2.3      2.3
    410.7    291.2
     1     1    72     5     5    10     0     0    -8.0   55.236  -72.678    192.3    943.9    270.8    266.3      0.0    250.0     93.1      2.3      2.3
    394.2    131.0
     1     1    72     5     5     9     0     0    -9.0   55.308  -72.924    186.0    946.2    270.4    266.2      0.0    250.0     93.4      2.2      2.3
    378.5      0.0
     1     1    72     5     5     8     0     0   -10.0   55.373  -73.144    178.0    948.3    270.2    266.1      0.0    250.0     93.7      2.2      2.2
    364.6      0.0
     1     1    72     5     5     7     0     0   -11.0   55.434  -73.339    168.8    950.4    270.0    266.1      0.0    250.0     94.0      2.2      2.2
    352.2      0.0
     1     1    72     5     5     6     0     0   -12.0   55.494  -73.510    158.6    952.5    269.8    266.1      0.0    250.0     94.4      2.2      2.2
    341.1      0.0
     1     1    72     5     5     5     0     0   -13.0   55.557  -73.669    149.1    955.3    270.1    266.6      0.0    293.0     94.3      2.3      2.3
    330.8      0.0
     1     1    72     5     5     4     0     0   -14.0   55.627  -73.828    141.6    957.8    270.4    267.1      0.0    331.0     94.2      2.4      2.4
    319.2      0.0
     1     1    72     5     5     3     0     0   -15.0   55.706  -73.988    135.8    960.2    270.8    267.6      0.0    364.0     94.0      2.5      2.5
    307.3      0.0
     1     1    72     5     5     2     0     0   -16.0   55.792  -74.147    131.5    962.4    271.2    268.2      0.0    391.9     93.8      2.6      2.6
    295.3      0.0
     1     1    72     5     5     1     0     0   -17.0   55.888  -74.306    128.5    964.6    271.6    268.8      0.0    414.7     93.4      2.7      2.7
    283.1      0.0
     1     1    72     5     5     0     0     0   -18.0   55.994  -74.464    126.6    966.6    272.1    269.5      0.0    432.6     92.8      2.8      2.8
    270.7     87.3
     1     1    72     5     4    23     0     0   -19.0   56.101  -74.608    124.8    967.4    272.2    269.7      0.0    452.9     92.2      2.8      2.8
    264.0    241.9
     1     1    72     5     4    22     0     0   -20.0   56.200  -74.726    122.1    968.2    272.4    269.9      0.0    479.6     91.7      2.8      2.9
    254.7    396.3
     1     1    72     5     4    21     0     0   -21.0   56.292  -74.817    118.8    968.9    272.6    270.2      0.0    511.4     91.3      2.9      2.9
    247.0    540.0
     1     1    72     5     4    20     0     0   -22.0   56.377  -74.881    114.7    969.5    272.9    270.5      0.0    546.9     91.0      2.9      2.9
    240.7    663.3
     1     1    72     5     4    19     0     0   -23.0   56.456  -74.918    110.1    970.0    273.2    270.8      0.0    584.9     90.8      3.0      3.0
    235.9    757.9
     1     1    72     5     4    18     0     0   -24.0   56.529  -74.926    105.0    970.4    273.5    271.1      0.0    624.1     90.8      3.1      3.1
    232.5    817.9
