     3     1
    CDC1    72     4     1     0     0
    CDC1    72     5     1     0     0
    CDC1    72     6     1     0     0
     1 BACKWARD OMEGA   
    72     5     8    18   54.450  -70.500   200.0
    10 PRESSURE THETA    AIR_TEMP RAINFALL MIXDEPTH RELHUMID SPCHUMID H2OMIXRA TERR_MSL SUN_FLUX
     1     1    72     5     8    18     0     0     0.0   54.450  -70.500    200.0    933.8    270.8    265.5      0.0   1271.1     92.7      2.1      2.2
    500.8    841.2
     1     1    72     5     8    17     0     0    -1.0   54.529  -70.696    186.3    936.7    270.1    265.0      0.0   1119.9     93.1      2.1      2.1
    491.2    875.3
     1     1    72     5     8    16     0     0    -2.0   54.614  -70.878    176.3    938.9    269.3    264.5      0.0    962.9     93.6      2.0      2.0
    481.5    867.6
     1     1    72     5     8    15     0     0    -3.0   54.706  -71.046    169.4    940.8    268.6    264.0      0.0    802.7     94.1      1.9      1.9
    471.8    818.0
     1     1    72     5     8    14     0     0    -4.0   54.803  -71.202    164.9    942.4    267.9    263.4      0.0    639.1     94.8      1.8      1.9
    462.1    730.3
     1     1    72     5     8    13     0     0    -5.0   54.904  -71.347    162.5    943.8    267.2    262.8      0.0    472.1     95.5      1.8      1.8
    452.4    610.8
     1     1    72     5     8    12     0     0    -6.0   55.007  -71.483    161.8    945.1    266.4    262.2      0.0    301.7     96.3      1.7      1.7
    442.6    468.2
     1     1    72     5     8    11     0     0    -7.0   55.110  -71.615    160.9    946.1    266.6    262.4      0.0    293.1     96.5      1.7      1.7
    444.2    312.3
     1     1    72     5     8    10     0     0    -8.0   55.208  -71.750    158.3    947.4    266.7    262.6      0.0    285.0     96.9      1.8      1.8
    433.2    154.0
     1     1    72     5     8     9     0     0    -9.0   55.300  -71.887    154.2    948.9    266.8    262.8      0.0    277.5     97.4      1.8      1.8
    422.6      4.3
     1     1    72     5     8     8     0     0   -10.0   55.388  -72.027    148.7    950.4    266.9    263.0      0.0    270.3     98.0      1.8      1.8
    412.3      0.0
     1     1    72     5     8     7     0     0   -11.0   55.472  -72.170    142.0    952.2    267.0    263.3      0.0    263.6     98.7      1.9      1.9
    402.3      0.0
     1     1    72     5     8     6     0     0   -12.0   55.552  -72.316    134.4    954.0    267.1    263.5      0.0    257.3     99.6      1.9      1.9
    392.5      0.0
     1     1    72     5     8     5     0     0   -13.0   55.630  -72.475    127.1    956.3    267.3    263.9      0.0    362.2     99.2      2.0      2.0
    387.5      0.0
     1     1    72     5     8     4     0     0   -14.0   55.707  -72.657    121.3    958.6    267.5    264.3      0.0    471.9     98.9      2.0      2.0
    374.8      0.0
     1     1    72     5     8     3     0     0   -15.0   55.783  -72.859    116.9    960.9    267.8    264.8      0.0    578.9     98.4      2.1      2.1
    361.0      0.0
     1     1    72     5     8     2     0     0   -16.0   55.857  -73.079    113.5    963.1    268.1    265.2      0.0    682.0     98.0      2.2      2.2
    346.6      0.0
     1     1    72     5     8     1     0     0   -17.0   55.926  -73.316    111.1    965.2    268.4    265.7      0.0    780.0     97.5      2.2      2.2
    331.7      0.0
     1     1    72     5     8     0     0     0   -18.0   55.990  -73.571    109.6    967.3    268.8    266.2      0.0    871.8     97.0      2.3      2.3
    316.6     91.5
     1     1    72     5     7    23     0     0   -19.0   56.046  -73.819    108.2    969.3    268.7    266.3      0.1    893.2     96.3      2.3      2.3
    302.2    245.9
     1     1    72     5     7    22     0     0   -20.0   56.093  -74.040    106.3    971.1    268.5    266.3      0.1    922.5     95.7      2.3      2.3
    290.5    401.2
     1     1    72     5     7    21     0     0   -21.0   56.133  -74.237    103.9    972.8    268.4    266.3      0.1    958.9     95.0      2.2      2.3
    280.4    546.6
     1     1    72     5     7    20     0     0   -22.0   56.165  -74.413    100.9    974.4    268.4    266.4      0.1   1001.3     94.4      2.2      2.2
    271.7    672.1
     1     1    72     5     7    19     0     0   -23.0   56.190  -74.568     97.5    975.9    268.3    266.4      0.1   1048.8     93.8      2.2      2.2
    264.1    769.2
     1     1    72     5     7    18     0     0   -24.0   56.207  -74.706     93.6    977.3    268.2    266.5      0.1   1100.2     93.2      2.2      2.2
    257.7    831.3
