     3     1
    CDC1    72     4     1     0     0
    CDC1    72     5     1     0     0
    CDC1    72     6     1     0     0
     1 BACKWARD OMEGA   
    72     4    29    18   54.450  -70.500   200.0
    10 PRESSURE THETA    AIR_TEMP RAINFALL MIXDEPTH RELHUMID SPCHUMID H2OMIXRA TERR_MSL SUN_FLUX
     1     1    72     4    29    18     0     0     0.0   54.450  -70.500    200.0    929.7    272.4    266.8      0.1    802.6     97.0      2.5      2.5
    501.9    810.3
     1     1    72     4    29    17     0     0    -1.0   54.619  -70.812    195.9    932.2    272.0    266.6      0.1    720.4     96.5      2.4      2.4
    485.5    843.2
     1     1    72     4    29    16     0     0    -2.0   54.808  -71.127    191.5    934.9    271.6    266.4      0.1    639.1     96.3      2.4      2.4
    467.3    832.9
     1     1    72     4    29    15     0     0    -3.0   55.014  -71.448    186.9    938.0    271.1    266.2      0.0    561.1     96.2      2.3      2.3
    447.2    779.6
     1     1    72     4    29    14     0     0    -4.0   55.238  -71.776    182.8    941.8    270.5    265.9      0.0    483.4     96.1      2.3      2.3
    422.1    687.6
     1     1    72     4    29    13     0     0    -5.0   55.480  -72.116    179.8    945.7    269.8    265.6      0.0    413.5     95.9      2.2      2.2
    396.3    563.8
     1     1    72     4    29    12     0     0    -6.0   55.740  -72.469    178.3    949.6    269.1    265.1      0.0    341.9     95.6      2.1      2.1
    369.8    417.6
     1     1    72     4    29    11     0     0    -7.0   56.001  -72.807    177.4    953.2    268.7    265.0      0.1    325.3     95.2      2.1      2.1
    352.2    260.1
     1     1    72     4    29    10     0     0    -8.0   56.246  -73.107    176.3    956.6    268.5    265.1      0.1    315.3     95.2      2.1      2.1
    324.2    102.8
     1     1    72     4    29     9     0     0    -9.0   56.480  -73.373    175.0    959.8    268.3    265.2      0.0    309.3     95.5      2.1      2.1
    299.1      0.0
     1     1    72     4    29     8     0     0   -10.0   56.707  -73.610    173.3    962.7    268.3    265.4      0.0    305.8     96.3      2.1      2.1
    276.3      0.0
     1     1    72     4    29     7     0     0   -11.0   56.930  -73.823    171.3    965.5    268.3    265.6      0.0    303.4     97.5      2.2      2.2
    255.1      0.0
     1     1    72     4    29     6     0     0   -12.0   57.152  -74.014    169.2    968.2    268.4    265.9      0.0    301.5     98.9      2.3      2.3
    235.3      0.0
     1     1    72     4    29     5     0     0   -13.0   57.377  -74.198    167.6    971.2    268.6    266.4      0.0    335.9     98.4      2.3      2.3
    224.6      0.0
     1     1    72     4    29     4     0     0   -14.0   57.607  -74.387    167.5    973.2    268.8    266.7      0.0    357.8     97.4      2.4      2.4
    210.4      0.0
     1     1    72     4    29     3     0     0   -15.0   57.843  -74.584    168.6    974.3    269.0    267.0      0.0    367.2     96.2      2.4      2.4
    202.8      0.0
     1     1    72     4    29     2     0     0   -16.0   58.086  -74.788    170.9    975.1    269.3    267.4      0.0    367.6     95.5      2.4      2.4
    196.1      0.0
     1     1    72     4    29     1     0     0   -17.0   58.336  -75.000    174.4    975.6    269.6    267.7      0.0    360.1     95.4      2.5      2.5
    190.6      0.0
     1     1    72     4    29     0     0     0   -18.0   58.595  -75.216    178.8    976.5    269.9    268.1      0.0    370.6     95.3      2.6      2.6
    182.3     85.1
     1     1    72     4    28    23     0     0   -19.0   58.843  -75.437    182.8    977.2    269.7    268.0      0.0    379.0     95.8      2.6      2.6
    169.1    231.7
     1     1    72     4    28    22     0     0   -20.0   59.064  -75.662    185.0    978.3    269.6    268.0      0.0    391.7     96.4      2.6      2.6
    160.8    376.6
     1     1    72     4    28    21     0     0   -21.0   59.261  -75.895    185.3    979.5    269.6    268.0      0.0    406.6     97.1      2.6      2.6
    151.8    509.9
     1     1    72     4    28    20     0     0   -22.0   59.435  -76.136    183.7    981.0    269.6    268.1      0.0    421.9     97.8      2.6      2.6
    142.2    622.7
     1     1    72     4    28    19     0     0   -23.0   59.589  -76.386    180.2    982.6    269.6    268.3      0.0    435.8     98.7      2.7      2.7
    131.8    707.5
     1     1    72     4    28    18     0     0   -24.0   59.725  -76.648    175.1    984.4    269.7    268.5      0.0    447.2     99.5      2.7      2.7
    120.8    758.7
