     3     1
    CDC1    72     4     1     0     0
    CDC1    72     5     1     0     0
    CDC1    72     6     1     0     0
     1 BACKWARD OMEGA   
    72     5    28    18   54.450  -70.500   200.0
    10 PRESSURE THETA    AIR_TEMP RAINFALL MIXDEPTH RELHUMID SPCHUMID H2OMIXRA TERR_MSL SUN_FLUX
     1     1    72     5    28    18     0     0     0.0   54.450  -70.500    200.0    932.5    282.3    276.7      0.0    564.0     82.8      4.3      4.4
    503.3    445.4
     1     1    72     5    28    17     0     0    -1.0   54.410  -70.642    199.7    933.2    281.4    275.9      0.0    525.3     85.0      4.2      4.2
    500.8    462.4
     1     1    72     5    28    16     0     0    -2.0   54.378  -70.775    200.2    933.8    280.5    275.1      0.0    487.2     87.2      4.1      4.1
    498.3    459.0
     1     1    72     5    28    15     0     0    -3.0   54.354  -70.899    201.9    934.2    279.6    274.2      0.0    450.2     89.4      3.9      4.0
    495.8    435.3
     1     1    72     5    28    14     0     0    -4.0   54.338  -71.014    204.8    934.4    278.7    273.3      0.0    414.0     91.6      3.8      3.8
    493.2    392.7
     1     1    72     5    28    13     0     0    -5.0   54.330  -71.119    209.3    934.4    277.8    272.4      0.0    378.6     93.6      3.6      3.6
    490.6    334.3
     1     1    72     5    28    12     0     0    -6.0   54.331  -71.217    215.3    934.2    276.9    271.5      0.0    343.7     95.6      3.5      3.5
    487.9    264.2
     1     1    72     5    28    11     0     0    -7.0   54.343  -71.316    221.9    933.9    277.2    271.8      0.0    336.0     94.5      3.5      3.5
    484.1    187.2
     1     1    72     5    28    10     0     0    -8.0   54.367  -71.428    227.8    933.9    277.4    272.0      0.0    327.4     93.5      3.5      3.5
    479.9    108.6
     1     1    72     5    28     9     0     0    -9.0   54.403  -71.550    232.8    934.2    277.6    272.2      0.0    317.2     92.5      3.5      3.5
    474.9     33.9
     1     1    72     5    28     8     0     0   -10.0   54.450  -71.684    236.6    934.7    277.7    272.4      0.0    305.0     91.3      3.5      3.5
    469.1      0.0
     1     1    72     5    28     7     0     0   -11.0   54.506  -71.828    239.1    935.6    277.8    272.6      0.0    290.0     90.2      3.5      3.5
    462.5      0.0
     1     1    72     5    28     6     0     0   -12.0   54.570  -71.985    239.8    936.7    277.9    272.7      0.0    271.8     88.9      3.5      3.5
    455.2      0.0
     1     1    72     5    28     5     0     0   -13.0   54.652  -72.149    240.4    938.2    278.2    273.1      0.0    284.2     89.5      3.6      3.6
    438.8      0.0
     1     1    72     5    28     4     0     0   -14.0   54.759  -72.317    242.4    939.5    278.4    273.4      0.0    298.4     90.2      3.7      3.7
    428.0      0.0
     1     1    72     5    28     3     0     0   -15.0   54.893  -72.491    245.8    940.8    278.5    273.7      0.0    314.5     91.3      3.8      3.8
    415.3      0.0
     1     1    72     5    28     2     0     0   -16.0   55.053  -72.673    250.5    942.6    278.5    273.8      0.0    339.9     92.4      3.9      3.9
    398.5      0.0
     1     1    72     5    28     1     0     0   -17.0   55.236  -72.866    256.6    944.5    278.5    274.0      0.0    375.6     93.7      4.0      4.0
    379.7      6.6
     1     1    72     5    28     0     0     0   -18.0   55.440  -73.076    264.0    946.4    278.5    274.1      0.0    412.3     94.9      4.1      4.1
    359.3     77.5
     1     1    72     5    27    23     0     0   -19.0   55.650  -73.315    269.5    947.7    278.4    274.2      0.0    438.7     94.8      4.1      4.1
    337.5    154.1
     1     1    72     5    27    22     0     0   -20.0   55.853  -73.588    270.7    950.1    278.3    274.2      0.0    453.2     94.9      4.1      4.1
    314.9    230.8
     1     1    72     5    27    21     0     0   -21.0   56.049  -73.890    268.1    953.0    278.2    274.3      0.0    462.5     95.1      4.1      4.2
    291.7    302.4
     1     1    72     5    27    20     0     0   -22.0   56.241  -74.216    262.8    956.3    278.0    274.4      0.0    474.1     95.4      4.2      4.2
    268.1    363.9
     1     1    72     5    27    19     0     0   -23.0   56.431  -74.563    255.6    960.0    277.8    274.6      0.1    496.0     95.7      4.2      4.2
    244.1    410.8
     1     1    72     5    27    18     0     0   -24.0   56.619  -74.930    247.5    963.8    277.6    274.7      0.1    537.1     96.2      4.2      4.3
    219.9    440.1
