     3     1
    CDC1    72     4     1     0     0
    CDC1    72     5     1     0     0
    CDC1    72     6     1     0     0
     1 BACKWARD OMEGA   
    72     5    15    18   54.450  -70.500   200.0
    10 PRESSURE THETA    AIR_TEMP RAINFALL MIXDEPTH RELHUMID SPCHUMID H2OMIXRA TERR_MSL SUN_FLUX
     1     1    72     5    15    18     0     0     0.0   54.450  -70.500    200.0    931.3    279.7    274.0      0.0    277.7     94.6      4.1      4.1
    505.4    861.6
     1     1    72     5    15    17     0     0    -1.0   54.387  -70.458    206.7    929.6    279.4    273.6      0.0    275.7     94.7      4.0      4.0
    509.0    896.8
     1     1    72     5    15    16     0     0    -2.0   54.354  -70.402    213.2    927.9    279.1    273.2      0.0    271.7     94.8      3.9      3.9
    511.9    891.6
     1     1    72     5    15    15     0     0    -3.0   54.349  -70.331    219.2    926.4    278.7    272.7      0.0    266.4     95.0      3.8      3.8
    514.2    845.6
     1     1    72     5    15    14     0     0    -4.0   54.371  -70.245    224.6    925.1    278.2    272.1      0.0    260.6     95.3      3.6      3.7
    515.9    762.0
     1     1    72     5    15    13     0     0    -5.0   54.420  -70.140    228.9    923.9    277.7    271.5      0.0    254.9     95.6      3.5      3.5
    517.3    646.8
     1     1    72     5    15    12     0     0    -6.0   54.494  -70.015    232.0    922.9    277.1    270.8      0.0    250.0     96.0      3.3      3.4
    518.4    508.2
     1     1    72     5    15    11     0     0    -7.0   54.578  -69.873    233.5    922.2    277.2    270.9      0.0    250.0     96.5      3.4      3.4
    520.8    355.7
     1     1    72     5    15    10     0     0    -8.0   54.654  -69.720    233.7    921.6    277.3    270.9      0.0    250.0     97.0      3.4      3.4
    521.4    199.6
     1     1    72     5    15     9     0     0    -9.0   54.724  -69.555    232.7    921.1    277.4    271.0      0.0    250.0     97.6      3.4      3.5
    522.7     50.3
     1     1    72     5    15     8     0     0   -10.0   54.789  -69.378    230.4    920.7    277.5    271.0      0.0    250.0     98.2      3.5      3.5
    524.6      0.0
     1     1    72     5    15     7     0     0   -11.0   54.848  -69.190    227.0    920.3    277.6    271.1      0.0    250.0     98.8      3.5      3.5
    527.1      0.0
     1     1    72     5    15     6     0     0   -12.0   54.903  -68.989    222.6    920.0    277.8    271.2      0.0    250.0     99.5      3.6      3.6
    530.2      0.0
     1     1    72     5    15     5     0     0   -13.0   54.958  -68.798    217.0    920.3    278.1    271.5      0.0    251.0     99.7      3.7      3.7
    526.0      0.0
     1     1    72     5    15     4     0     0   -14.0   55.016  -68.635    210.2    920.9    278.3    271.9      0.0    250.3     99.9      3.8      3.8
    527.4      0.0
     1     1    72     5    15     3     0     0   -15.0   55.078  -68.506    202.4    922.2    278.6    272.2      0.0    252.0     99.8      3.9      3.9
    525.7      0.0
     1     1    72     5    15     2     0     0   -16.0   55.142  -68.412    193.9    923.6    278.9    272.6      0.0    254.9     99.7      3.9      4.0
    522.8      0.0
     1     1    72     5    15     1     0     0   -17.0   55.210  -68.356    185.1    925.0    279.1    273.0      0.0    259.1     99.6      4.0      4.1
    518.6      0.0
     1     1    72     5    15     0     0     0   -18.0   55.283  -68.337    176.2    926.5    279.4    273.3      0.0    264.7     99.4      4.1      4.2
    513.1     63.3
     1     1    72     5    14    23     0     0   -19.0   55.352  -68.340    166.4    927.7    279.4    273.4      0.1    268.3     99.2      4.1      4.2
    514.7    213.6
     1     1    72     5    14    22     0     0   -20.0   55.408  -68.356    154.6    929.2    279.4    273.6      0.1    271.2     99.1      4.2      4.2
    509.2    368.8
     1     1    72     5    14    21     0     0   -21.0   55.452  -68.384    141.4    930.9    279.4    273.7      0.1    273.5     99.1      4.2      4.2
    504.5    518.6
     1     1    72     5    14    20     0     0   -22.0   55.485  -68.424    127.1    932.7    279.5    274.0      0.1    275.2     99.0      4.3      4.3
    500.4    652.7
     1     1    72     5    14    19     0     0   -23.0   55.510  -68.476    112.2    934.6    279.6    274.2      0.1    276.5     99.0      4.3      4.4
    496.7    762.1
     1     1    72     5    14    18     0     0   -24.0   55.529  -68.541     97.2    936.7    279.7    274.5      0.1    277.5     98.9      4.4      4.4
    493.3    839.3
