     3     1
    CDC1    72     4     1     0     0
    CDC1    72     5     1     0     0
    CDC1    72     6     1     0     0
     1 BACKWARD OMEGA   
    72     4    12    18   54.450  -70.500   200.0
    10 PRESSURE THETA    AIR_TEMP RAINFALL MIXDEPTH RELHUMID SPCHUMID H2OMIXRA TERR_MSL SUN_FLUX
     1     1    72     4    12    18     0     0     0.0   54.450  -70.500    200.0    929.1    272.4    266.7      0.0    567.8     88.6      2.3      2.3
    511.0    737.8
     1     1    72     4    12    17     0     0    -1.0   54.434  -70.667    215.6    927.3    272.0    266.2      0.0    502.5     84.5      2.1      2.1
    506.9    771.1
     1     1    72     4    12    16     0     0    -2.0   54.417  -70.841    229.4    925.9    271.6    265.7      0.0    440.9     80.5      1.9      1.9
    502.5    761.2
     1     1    72     4    12    15     0     0    -3.0   54.400  -71.023    241.5    924.8    271.2    265.2      0.0    384.5     76.6      1.8      1.8
    497.9    707.8
     1     1    72     4    12    14     0     0    -4.0   54.385  -71.211    251.8    923.9    270.8    264.8      0.0    333.7     72.8      1.6      1.6
    493.0    614.5
     1     1    72     4    12    13     0     0    -5.0   54.372  -71.406    260.5    923.3    270.5    264.4      0.0    288.7     69.1      1.5      1.5
    487.9    487.7
     1     1    72     4    12    12     0     0    -6.0   54.362  -71.609    267.4    922.8    270.1    264.0      0.0    250.0     65.4      1.4      1.4
    482.4    336.2
     1     1    72     4    12    11     0     0    -7.0   54.351  -71.824    272.9    922.6    270.3    264.1      0.0    250.0     68.4      1.4      1.4
    471.7    170.5
     1     1    72     4    12    10     0     0    -8.0   54.335  -72.053    277.0    922.5    270.4    264.2      0.0    250.0     71.7      1.5      1.5
    465.0      2.1
     1     1    72     4    12     9     0     0    -9.0   54.314  -72.297    279.7    922.7    270.5    264.3      0.0    250.0     75.3      1.6      1.6
    458.1      0.0
     1     1    72     4    12     8     0     0   -10.0   54.290  -72.555    281.2    923.1    270.6    264.5      0.0    250.0     79.3      1.7      1.7
    449.9      0.0
     1     1    72     4    12     7     0     0   -11.0   54.262  -72.827    281.3    924.4    270.5    264.5      0.0    250.0     83.5      1.8      1.8
    437.5      0.0
     1     1    72     4    12     6     0     0   -12.0   54.231  -73.113    280.4    925.7    270.5    264.6      0.0    250.0     87.9      1.9      1.9
    424.4      0.0
     1     1    72     4    12     5     0     0   -13.0   54.199  -73.395    279.0    927.7    270.7    264.9      0.0    311.6     87.1      1.9      1.9
    409.3      0.0
     1     1    72     4    12     4     0     0   -14.0   54.163  -73.654    277.3    929.5    270.9    265.3      0.0    373.3     86.3      2.0      2.0
    397.3      0.0
     1     1    72     4    12     3     0     0   -15.0   54.125  -73.889    275.2    931.2    271.2    265.8      0.0    435.1     85.3      2.0      2.0
    386.6      0.0
     1     1    72     4    12     2     0     0   -16.0   54.083  -74.101    272.5    932.8    271.6    266.2      0.0    497.0     84.4      2.1      2.1
    377.1      0.0
     1     1    72     4    12     1     0     0   -17.0   54.038  -74.290    269.2    934.3    272.0    266.8      0.0    558.9     83.3      2.1      2.1
    368.9      0.0
     1     1    72     4    12     0     0     0   -18.0   53.990  -74.455    264.9    935.8    272.5    267.4      0.0    620.9     82.3      2.2      2.2
    361.9      0.0
     1     1    72     4    11    23     0     0   -19.0   53.942  -74.606    260.5    936.8    272.6    267.5      0.0    614.7     84.9      2.3      2.3
    355.6    130.8
     1     1    72     4    11    22     0     0   -20.0   53.895  -74.752    256.6    937.6    272.7    267.7      0.0    613.3     87.6      2.4      2.4
    348.8    298.7
     1     1    72     4    11    21     0     0   -21.0   53.847  -74.893    253.2    938.4    272.8    267.9      0.0    616.2     90.2      2.5      2.5
    342.2    455.4
     1     1    72     4    11    20     0     0   -22.0   53.800  -75.030    250.5    939.2    273.0    268.1      0.0    621.0     92.7      2.6      2.6
    335.0    590.0
     1     1    72     4    11    19     0     0   -23.0   53.752  -75.164    248.5    940.3    273.1    268.3      0.0    620.5     94.9      2.7      2.7
    325.2    693.1
     1     1    72     4    11    18     0     0   -24.0   53.705  -75.298    247.3    941.2    273.2    268.5      0.0    622.1     97.1      2.8      2.8
    315.4    757.4
