     3     1
    CDC1    72     4     1     0     0
    CDC1    72     5     1     0     0
    CDC1    72     6     1     0     0
     1 BACKWARD OMEGA   
    72     4    18    18   54.450  -70.500   200.0
    10 PRESSURE THETA    AIR_TEMP RAINFALL MIXDEPTH RELHUMID SPCHUMID H2OMIXRA TERR_MSL SUN_FLUX
     1     1    72     4    18    18     0     0     0.0   54.450  -70.500    200.0    932.9    270.1    264.8      0.0    867.4     95.8      2.1      2.1
    503.4    765.4
     1     1    72     4    18    17     0     0    -1.0   54.472  -70.647    202.3    933.2    269.5    264.2      0.0    754.3     92.9      2.0      2.0
    498.3    799.0
     1     1    72     4    18    16     0     0    -2.0   54.509  -70.788    206.3    933.2    268.9    263.6      0.0    643.7     90.0      1.8      1.8
    492.6    789.8
     1     1    72     4    18    15     0     0    -3.0   54.560  -70.925    211.7    933.0    268.2    263.0      0.0    537.7     87.2      1.7      1.7
    486.4    737.4
     1     1    72     4    18    14     0     0    -4.0   54.626  -71.059    218.6    932.8    267.6    262.3      0.0    436.3     84.4      1.5      1.5
    479.6    645.8
     1     1    72     4    18    13     0     0    -5.0   54.706  -71.191    226.6    932.5    266.9    261.6      0.0    340.2     81.7      1.4      1.4
    472.0    521.5
     1     1    72     4    18    12     0     0    -6.0   54.800  -71.323    235.8    932.1    266.2    260.9      0.0    250.0     79.1      1.3      1.3
    463.7    373.4
     1     1    72     4    18    11     0     0    -7.0   54.895  -71.454    244.5    931.2    266.2    260.8      0.0    250.0     82.0      1.3      1.3
    463.8    211.9
     1     1    72     4    18    10     0     0    -8.0   54.980  -71.580    251.5    930.6    266.2    260.7      0.0    250.0     84.9      1.4      1.4
    456.6     48.4
     1     1    72     4    18     9     0     0    -9.0   55.055  -71.701    256.8    930.3    266.1    260.7      0.0    250.5     87.5      1.4      1.4
    448.7      0.0
     1     1    72     4    18     8     0     0   -10.0   55.122  -71.818    260.4    930.0    266.1    260.6      0.0    251.2     90.2      1.4      1.4
    441.1      0.0
     1     1    72     4    18     7     0     0   -11.0   55.179  -71.930    262.7    929.9    266.1    260.6      0.0    251.8     92.9      1.5      1.5
    434.3      0.0
     1     1    72     4    18     6     0     0   -12.0   55.228  -72.038    263.5    929.9    266.0    260.5      0.0    252.2     95.7      1.5      1.5
    428.2      0.0
     1     1    72     4    18     5     0     0   -13.0   55.283  -72.144    264.6    930.8    266.4    261.0      0.0    266.5     95.9      1.6      1.6
    413.3      0.0
     1     1    72     4    18     4     0     0   -14.0   55.356  -72.254    267.3    931.4    266.7    261.3      0.0    279.3     96.1      1.6      1.6
    405.5      0.0
     1     1    72     4    18     3     0     0   -15.0   55.448  -72.366    271.7    932.0    267.0    261.7      0.0    292.1     96.3      1.7      1.7
    396.6      0.0
     1     1    72     4    18     2     0     0   -16.0   55.558  -72.481    277.6    932.6    267.3    262.0      0.0    307.0     96.4      1.7      1.7
    386.8      0.0
     1     1    72     4    18     1     0     0   -17.0   55.685  -72.597    285.2    933.3    267.5    262.3      0.0    333.1     96.1      1.7      1.7
    374.6      0.0
     1     1    72     4    18     0     0     0   -18.0   55.828  -72.714    294.3    933.9    267.7    262.5      0.0    366.8     95.7      1.8      1.8
    361.5      0.0
     1     1    72     4    17    23     0     0   -19.0   55.978  -72.814    303.9    933.9    267.6    262.4      0.0    399.1     94.4      1.7      1.7
    348.0    145.1
     1     1    72     4    17    22     0     0   -20.0   56.126  -72.886    313.2    933.8    267.6    262.4      0.0    430.5     93.6      1.7      1.7
    337.5    303.2
     1     1    72     4    17    21     0     0   -21.0   56.276  -72.930    322.3    933.6    267.5    262.3      0.0    461.4     93.3      1.7      1.7
    328.1    450.8
     1     1    72     4    17    20     0     0   -22.0   56.428  -72.948    331.5    933.3    267.4    262.2      0.0    491.8     93.4      1.7      1.7
    319.7    577.8
     1     1    72     4    17    19     0     0   -23.0   56.583  -72.943    340.9    932.9    267.3    262.1      0.0    521.3     94.0      1.7      1.7
    312.0    676.0
     1     1    72     4    17    18     0     0   -24.0   56.744  -72.916    350.8    932.3    267.2    261.9      0.0    549.4     95.1      1.7      1.7
    304.9    738.9
