     3     1
    CDC1    72     4     1     0     0
    CDC1    72     5     1     0     0
    CDC1    72     6     1     0     0
     1 BACKWARD OMEGA   
    72     5     1    18   54.450  -70.500   200.0
    10 PRESSURE THETA    AIR_TEMP RAINFALL MIXDEPTH RELHUMID SPCHUMID H2OMIXRA TERR_MSL SUN_FLUX
     1     1    72     5     1    18     0     0     0.0   54.450  -70.500    200.0    929.4    259.2    253.9      0.1    371.4     96.8      0.9      0.9
    506.6    817.7
     1     1    72     5     1    17     0     0    -1.0   54.468  -70.976    200.9    931.5    258.5    253.3      0.1    366.8     92.7      0.8      0.8
    491.7    852.6
     1     1    72     5     1    16     0     0    -2.0   54.501  -71.440    199.3    934.0    257.8    252.8      0.0    363.1     88.6      0.7      0.7
    476.2    843.6
     1     1    72     5     1    15     0     0    -3.0   54.545  -71.896    195.2    936.9    257.1    252.3      0.0    360.4     84.7      0.7      0.7
    460.5    790.6
     1     1    72     5     1    14     0     0    -4.0   54.601  -72.344    188.5    939.7    256.4    251.9      0.0    359.2     81.1      0.6      0.6
    444.4    697.5
     1     1    72     5     1    13     0     0    -5.0   54.665  -72.786    179.9    943.7    255.6    251.4      0.0    351.0     79.3      0.6      0.6
    420.6    571.3
     1     1    72     5     1    12     0     0    -6.0   54.736  -73.222    170.1    948.4    254.6    250.8      0.0    331.7     78.6      0.5      0.5
    392.9    421.3
     1     1    72     5     1    11     0     0    -7.0   54.806  -73.652    160.4    953.2    254.4    250.9      0.1    333.9     80.5      0.6      0.6
    372.4    258.6
     1     1    72     5     1    10     0     0    -8.0   54.869  -74.078    151.8    957.7    254.1    251.0      0.0    323.0     81.2      0.6      0.6
    348.9     94.7
     1     1    72     5     1     9     0     0    -9.0   54.924  -74.501    144.3    961.8    253.9    251.1      0.0    298.1     80.8      0.6      0.6
    326.0      0.0
     1     1    72     5     1     8     0     0   -10.0   54.971  -74.924    137.7    965.8    253.7    251.2      0.0    258.7     79.5      0.6      0.6
    303.7      0.0
     1     1    72     5     1     7     0     0   -11.0   55.015  -75.347    130.9    970.2    253.6    251.4      0.0    250.7     80.1      0.6      0.6
    275.1      0.0
     1     1    72     5     1     6     0     0   -12.0   55.060  -75.768    122.5    975.2    253.6    251.8      0.0    252.2     81.2      0.6      0.6
    245.1      0.0
     1     1    72     5     1     5     0     0   -13.0   55.116  -76.187    111.9    980.9    253.9    252.5      0.0    286.7     84.4      0.7      0.7
    213.2      0.0
     1     1    72     5     1     4     0     0   -14.0   55.187  -76.603     98.4    987.1    254.1    253.2      0.0    303.0     86.7      0.7      0.7
    184.1      0.0
     1     1    72     5     1     3     0     0   -15.0   55.269  -77.012     81.7    993.9    254.3    253.8      0.0    304.1     88.4      0.8      0.8
    155.7      0.0
     1     1    72     5     1     2     0     0   -16.0   55.357  -77.416     62.8   1000.5    254.3    254.3      0.0    293.3     88.5      0.8      0.8
    127.9      0.0
     1     1    72     5     1     1     0     0   -17.0   55.445  -77.832     46.2   1005.9    254.3    254.7      0.0    301.2     83.7      0.8      0.8
    105.9      0.0
     1     1    72     5     1     0     0     0   -18.0   55.533  -78.266     34.4   1010.6    254.4    255.1      0.0    314.7     77.7      0.7      0.7
     85.1    104.7
     1     1    72     4    30    23     0     0   -19.0   55.626  -78.706     26.8   1013.6    254.7    255.7      0.0    323.8     73.7      0.7      0.7
     65.3    266.3
     1     1    72     4    30    22     0     0   -20.0   55.727  -79.141     22.0   1016.3    255.0    256.1      0.0    324.3     71.0      0.7      0.7
     46.9    424.8
     1     1    72     4    30    21     0     0   -21.0   55.841  -79.573     19.1   1018.6    255.2    256.5      0.0    316.9     69.6      0.7      0.7
     29.3    568.9
     1     1    72     4    30    20     0     0   -22.0   55.969  -80.005     17.2   1020.6    255.3    256.8      0.0    302.2     69.1      0.7      0.7
     12.6    688.0
     1     1    72     4    30    19     0     0   -23.0   56.112  -80.440     16.0   1020.5    255.6    257.1      0.0    301.1     70.0      0.8      0.8
     10.8    773.7
     1     1    72     4    30    18     0     0   -24.0   56.268  -80.879     14.9   1020.5    255.8    257.3      0.0    294.3     69.6      0.8      0.8
      8.5    820.0
