     3     1
    CDC1    72     4     1     0     0
    CDC1    72     5     1     0     0
    CDC1    72     6     1     0     0
     1 BACKWARD OMEGA   
    72     5    24    18   54.450  -70.500   200.0
    10 PRESSURE THETA    AIR_TEMP RAINFALL MIXDEPTH RELHUMID SPCHUMID H2OMIXRA TERR_MSL SUN_FLUX
     1     1    72     5    24    18     0     0     0.0   54.450  -70.500    200.0    937.3    272.4    267.4      0.0    481.4     96.9      2.6      2.6
    508.8    441.5
     1     1    72     5    24    17     0     0    -1.0   54.628  -70.519    216.8    935.3    271.8    266.6      0.0    431.9     92.5      2.3      2.3
    500.8    457.5
     1     1    72     5    24    16     0     0    -2.0   54.833  -70.557    234.0    933.4    271.1    265.8      0.0    389.0     87.8      2.1      2.1
    490.9    453.3
     1     1    72     5    24    15     0     0    -3.0   55.066  -70.613    251.7    932.0    270.5    265.1      0.0    363.8     82.8      1.9      1.9
    477.2    429.1
     1     1    72     5    24    14     0     0    -4.0   55.326  -70.686    270.0    931.5    270.0    264.6      0.0    356.7     78.1      1.7      1.7
    456.5    386.6
     1     1    72     5    24    13     0     0    -5.0   55.614  -70.768    289.0    931.2    269.5    264.0      0.0    336.7     74.1      1.5      1.5
    434.0    329.2
     1     1    72     5    24    12     0     0    -6.0   55.929  -70.851    308.5    931.1    268.9    263.4      0.0    302.7     71.0      1.4      1.4
    409.9    261.1
     1     1    72     5    24    11     0     0    -7.0   56.254  -70.931    325.1    931.6    268.9    263.5      0.0    289.8     76.1      1.5      1.5
    378.7    187.4
     1     1    72     5    24    10     0     0    -8.0   56.571  -71.009    335.2    933.1    268.8    263.5      0.0    278.2     80.9      1.6      1.6
    355.0    113.2
     1     1    72     5    24     9     0     0    -9.0   56.880  -71.089    338.5    935.2    268.6    263.5      0.0    267.8     85.2      1.7      1.7
    332.1     43.7
     1     1    72     5    24     8     0     0   -10.0   57.182  -71.173    335.6    937.8    268.4    263.5      0.0    258.6     88.9      1.8      1.8
    309.9      0.0
     1     1    72     5    24     7     0     0   -11.0   57.476  -71.262    326.9    941.1    268.1    263.5      0.0    250.6     92.2      1.8      1.8
    288.3      0.0
     1     1    72     5    24     6     0     0   -12.0   57.763  -71.357    314.2    944.2    267.9    263.5      0.0    250.0     92.8      1.8      1.8
    274.5      0.0
     1     1    72     5    24     5     0     0   -13.0   58.044  -71.472    301.9    947.5    268.1    263.9      0.0    269.0     90.1      1.8      1.8
    256.0      0.0
     1     1    72     5    24     4     0     0   -14.0   58.325  -71.620    292.4    950.1    268.2    264.3      0.0    284.4     87.1      1.8      1.8
    243.8      0.0
     1     1    72     5    24     3     0     0   -15.0   58.610  -71.800    285.1    952.2    268.4    264.7      0.0    294.6     83.8      1.8      1.8
    233.0      0.0
     1     1    72     5    24     2     0     0   -16.0   58.906  -72.011    279.8    953.9    268.6    265.0      0.0    297.9     79.9      1.7      1.7
    224.0      0.0
     1     1    72     5    24     1     0     0   -17.0   59.218  -72.252    276.0    955.2    268.7    265.2      0.0    291.7     75.5      1.7      1.7
    217.3     21.6
     1     1    72     5    24     0     0     0   -18.0   59.551  -72.522    273.5    956.1    268.9    265.4      0.0    273.9     70.5      1.6      1.6
    212.8     86.0
     1     1    72     5    23    23     0     0   -19.0   59.902  -72.806    272.3    957.1    268.7    265.3      0.0    283.6     68.9      1.5      1.5
    218.5    155.1
     1     1    72     5    23    22     0     0   -20.0   60.257  -73.087    272.9    957.2    268.7    265.4      0.0    309.9     69.3      1.6      1.6
    214.8    223.7
     1     1    72     5    23    21     0     0   -21.0   60.615  -73.364    275.3    956.8    268.8    265.4      0.0    342.0     69.9      1.6      1.6
    214.1    287.0
     1     1    72     5    23    20     0     0   -22.0   60.976  -73.641    279.4    956.2    268.8    265.4      0.0    367.3     70.0      1.6      1.6
    214.3    340.7
     1     1    72     5    23    19     0     0   -23.0   61.347  -73.922    285.0    955.3    268.8    265.3      0.0    379.3     69.5      1.5      1.5
    215.6    381.2
     1     1    72     5    23    18     0     0   -24.0   61.732  -74.212    292.1    954.1    268.7    265.1      0.0    370.4     68.5      1.5      1.5
    218.0    405.9
