     3     1
    CDC1    72     4     1     0     0
    CDC1    72     5     1     0     0
    CDC1    72     6     1     0     0
     1 BACKWARD OMEGA   
    72     5    13    18   54.450  -70.500   200.0
    10 PRESSURE THETA    AIR_TEMP RAINFALL MIXDEPTH RELHUMID SPCHUMID H2OMIXRA TERR_MSL SUN_FLUX
     1     1    72     5    13    18     0     0     0.0   54.450  -70.500    200.0    927.4    278.9    272.9      0.0    328.9     94.6      3.8      3.8
    514.4    856.2
     1     1    72     5    13    17     0     0    -1.0   54.246  -70.682    198.4    928.0    278.4    272.5      0.0    303.9     93.9      3.7      3.7
    515.9    893.2
     1     1    72     5    13    16     0     0    -2.0   54.070  -70.876    199.2    928.2    277.9    272.1      0.0    284.6     92.8      3.5      3.5
    516.4    888.5
     1     1    72     5    13    15     0     0    -3.0   53.922  -71.079    202.7    928.2    277.5    271.6      0.0    270.6     91.6      3.4      3.4
    516.1    841.0
     1     1    72     5    13    14     0     0    -4.0   53.801  -71.286    208.8    927.9    277.1    271.2      0.0    260.7     90.1      3.2      3.2
    514.9    753.6
     1     1    72     5    13    13     0     0    -5.0   53.709  -71.496    217.9    927.4    276.7    270.8      0.1    254.1     88.3      3.0      3.1
    512.8    632.4
     1     1    72     5    13    12     0     0    -6.0   53.644  -71.706    230.0    926.6    276.4    270.4      0.1    250.0     86.4      2.9      2.9
    509.8    486.0
     1     1    72     5    13    11     0     0    -7.0   53.602  -71.912    243.1    925.3    276.4    270.3      0.0    250.0     86.5      2.9      2.9
    507.4    324.8
     1     1    72     5    13    10     0     0    -8.0   53.578  -72.112    254.7    924.5    276.3    270.1      0.0    250.0     86.7      2.9      2.9
    503.8    160.4
     1     1    72     5    13     9     0     0    -9.0   53.568  -72.303    264.9    923.9    276.1    269.9      0.0    250.0     87.1      2.8      2.8
    499.8      4.5
     1     1    72     5    13     8     0     0   -10.0   53.571  -72.483    273.5    923.6    275.8    269.6      0.0    250.0     87.4      2.8      2.8
    495.5      0.0
     1     1    72     5    13     7     0     0   -11.0   53.586  -72.650    280.6    924.0    275.5    269.3      0.0    250.0     87.9      2.7      2.7
    485.7      0.0
     1     1    72     5    13     6     0     0   -12.0   53.609  -72.803    286.0    924.7    275.0    268.9      0.0    250.0     88.3      2.7      2.7
    475.7      0.0
     1     1    72     5    13     5     0     0   -13.0   53.639  -72.947    291.5    925.9    275.2    269.2      0.0    284.2     88.4      2.7      2.7
    457.6      0.0
     1     1    72     5    13     4     0     0   -14.0   53.675  -73.086    298.8    926.6    275.4    269.4      0.0    316.3     88.4      2.8      2.8
    448.3      0.0
     1     1    72     5    13     3     0     0   -15.0   53.719  -73.218    308.2    927.1    275.5    269.6      0.0    346.5     88.4      2.8      2.8
    439.3      0.0
     1     1    72     5    13     2     0     0   -16.0   53.771  -73.343    319.8    927.4    275.7    269.8      0.0    375.4     88.6      2.8      2.9
    430.3      0.0
     1     1    72     5    13     1     0     0   -17.0   53.834  -73.461    334.1    927.3    275.8    269.9      0.0    403.7     88.8      2.9      2.9
    421.4      0.0
     1     1    72     5    13     0     0     0   -18.0   53.907  -73.571    351.5    927.0    275.8    269.9      0.0    431.9     89.2      2.9      2.9
    412.7     95.6
     1     1    72     5    12    23     0     0   -19.0   53.986  -73.667    370.5    925.6    275.7    269.7      0.0    450.5     89.8      2.9      2.9
    408.0    255.6
     1     1    72     5    12    22     0     0   -20.0   54.066  -73.745    389.7    924.0    275.7    269.5      0.0    470.7     90.4      2.8      2.9
    400.8    416.5
     1     1    72     5    12    21     0     0   -21.0   54.146  -73.805    409.2    922.1    275.6    269.3      0.0    492.9     90.8      2.8      2.8
    394.4    567.3
     1     1    72     5    12    20     0     0   -22.0   54.228  -73.847    429.1    920.2    275.5    269.1      0.0    517.2     91.3      2.8      2.8
    389.1    697.8
     1     1    72     5    12    19     0     0   -23.0   54.314  -73.870    449.5    918.1    275.4    268.8      0.0    543.6     91.9      2.8      2.8
    384.6    799.0
     1     1    72     5    12    18     0     0   -24.0   54.403  -73.873    470.7    915.8    275.3    268.5      0.0    571.8     92.5      2.7      2.7
    381.2    864.4
