     3     1
    CDC1    72     4     1     0     0
    CDC1    72     5     1     0     0
    CDC1    72     6     1     0     0
     1 BACKWARD OMEGA   
    72     4    28    18   54.450  -70.500   200.0
    10 PRESSURE THETA    AIR_TEMP RAINFALL MIXDEPTH RELHUMID SPCHUMID H2OMIXRA TERR_MSL SUN_FLUX
     1     1    72     4    28    18     0     0     0.0   54.450  -70.500    200.0    934.9    275.1    269.9      0.0    854.8     94.0      3.0      3.0
    517.3    806.5
     1     1    72     4    28    17     0     0    -1.0   54.535  -70.367    209.1    933.9    274.7    269.4      0.0    768.4     88.3      2.7      2.7
    518.7    840.0
     1     1    72     4    28    16     0     0    -2.0   54.607  -70.232    216.7    933.2    274.3    268.9      0.0    675.5     82.2      2.5      2.5
    520.8    833.1
     1     1    72     4    28    15     0     0    -3.0   54.666  -70.097    223.0    932.5    273.9    268.5      0.0    577.2     75.9      2.2      2.2
    523.4    785.5
     1     1    72     4    28    14     0     0    -4.0   54.713  -69.964    227.6    932.0    273.5    268.0      0.0    472.0     69.6      2.0      2.0
    525.8    700.5
     1     1    72     4    28    13     0     0    -5.0   54.752  -69.834    230.7    931.9    273.1    267.6      0.0    361.0     63.7      1.7      1.7
    527.1    583.6
     1     1    72     4    28    12     0     0    -6.0   54.783  -69.706    232.0    931.9    272.7    267.2      0.0    250.0     57.9      1.5      1.5
    528.6    442.8
     1     1    72     4    28    11     0     0    -7.0   54.796  -69.579    233.1    932.2    272.5    267.1      0.0    250.0     63.5      1.7      1.7
    520.4    287.3
     1     1    72     4    28    10     0     0    -8.0   54.781  -69.451    235.0    932.0    272.4    267.0      0.0    250.0     69.1      1.8      1.8
    524.3    127.3
     1     1    72     4    28     9     0     0    -9.0   54.741  -69.321    237.7    931.5    272.3    266.8      0.0    250.0     74.5      1.9      1.9
    529.0      0.0
     1     1    72     4    28     8     0     0   -10.0   54.675  -69.189    241.5    930.8    272.3    266.8      0.0    250.0     79.7      2.0      2.0
    534.5      0.0
     1     1    72     4    28     7     0     0   -11.0   54.586  -69.055    246.5    929.8    272.4    266.7      0.0    250.0     84.7      2.2      2.2
    540.7      0.0
     1     1    72     4    28     6     0     0   -12.0   54.473  -68.919    252.8    928.5    272.5    266.7      0.0    250.0     89.5      2.3      2.3
    547.3      0.0
     1     1    72     4    28     5     0     0   -13.0   54.361  -68.769    260.9    927.2    273.1    267.2      0.0    341.9     89.7      2.4      2.4
    550.6      0.0
     1     1    72     4    28     4     0     0   -14.0   54.273  -68.598    271.4    925.6    273.6    267.6      0.0    440.3     89.7      2.5      2.5
    557.2      0.0
     1     1    72     4    28     3     0     0   -15.0   54.209  -68.410    284.3    923.8    274.0    267.9      0.0    544.8     89.7      2.5      2.5
    563.3      0.0
     1     1    72     4    28     2     0     0   -16.0   54.167  -68.205    300.1    921.8    274.4    268.1      0.0    655.0     89.5      2.6      2.6
    568.9      0.0
     1     1    72     4    28     1     0     0   -17.0   54.147  -67.987    318.9    919.6    274.8    268.3      0.0    771.0     89.1      2.6      2.6
    574.1      0.0
     1     1    72     4    28     0     0     0   -18.0   54.151  -67.757    341.3    917.1    275.1    268.3      0.0    893.1     88.7      2.6      2.6
    578.9      0.0
     1     1    72     4    27    23     0     0   -19.0   54.171  -67.530    365.4    913.8    274.8    267.8      0.0    930.6     90.3      2.5      2.5
    588.2    128.5
     1     1    72     4    27    22     0     0   -20.0   54.197  -67.319    388.7    911.1    274.5    267.2      0.0    926.7     91.6      2.5      2.5
    586.4    289.7
     1     1    72     4    27    21     0     0   -21.0   54.226  -67.124    410.4    908.5    274.1    266.7      0.0    925.5     92.6      2.4      2.4
    583.8    446.1
     1     1    72     4    27    20     0     0   -22.0   54.257  -66.947    430.3    906.3    273.8    266.2      0.0    933.8     93.3      2.3      2.4
    581.4    587.2
     1     1    72     4    27    19     0     0   -23.0   54.288  -66.790    448.1    904.3    273.5    265.7      0.0    951.4     93.9      2.3      2.3
    579.2    703.6
     1     1    72     4    27    18     0     0   -24.0   54.316  -66.653    463.5    902.7    273.2    265.3      0.0    977.8     94.3      2.2      2.2
    577.3    787.5
