     3     1
    CDC1    72     4     1     0     0
    CDC1    72     5     1     0     0
    CDC1    72     6     1     0     0
     1 BACKWARD OMEGA   
    72     5     2    18   54.450  -70.500   200.0
    10 PRESSURE THETA    AIR_TEMP RAINFALL MIXDEPTH RELHUMID SPCHUMID H2OMIXRA TERR_MSL SUN_FLUX
     1     1    72     5     2    18     0     0     0.0   54.450  -70.500    200.0    931.8    266.6    261.3      0.0    377.1     94.6      1.6      1.6
    512.1    410.6
     1     1    72     5     2    17     0     0    -1.0   54.380  -70.695    203.1    931.8    265.7    260.4      0.0    367.5     91.8      1.4      1.4
    509.6    428.5
     1     1    72     5     2    16     0     0    -2.0   54.328  -70.911    207.1    931.7    264.7    259.4      0.0    354.6     88.5      1.3      1.3
    505.7    425.2
     1     1    72     5     2    15     0     0    -3.0   54.296  -71.147    212.0    931.7    263.8    258.5      0.0    338.4     84.8      1.1      1.1
    500.5    400.3
     1     1    72     5     2    14     0     0    -4.0   54.282  -71.400    217.6    931.8    262.9    257.6      0.0    319.1     80.8      1.0      1.0
    494.1    355.5
     1     1    72     5     2    13     0     0    -5.0   54.285  -71.670    224.0    931.9    262.0    256.7      0.0    296.4     76.3      0.9      0.9
    486.6    293.8
     1     1    72     5     2    12     0     0    -6.0   54.303  -71.954    231.1    932.0    261.1    255.9      0.0    270.0     71.5      0.8      0.8
    478.0    219.8
     1     1    72     5     2    11     0     0    -7.0   54.326  -72.246    238.1    931.8    261.0    255.8      0.0    259.4     73.0      0.8      0.8
    468.4    138.7
     1     1    72     5     2    10     0     0    -8.0   54.344  -72.539    244.2    931.9    261.0    255.8      0.0    250.0     74.8      0.8      0.8
    457.5     56.3
     1     1    72     5     2     9     0     0    -9.0   54.360  -72.835    249.0    933.0    260.9    255.8      0.0    250.0     76.7      0.8      0.8
    441.1      0.0
     1     1    72     5     2     8     0     0   -10.0   54.376  -73.136    252.4    934.3    260.9    255.8      0.0    250.0     78.1      0.8      0.8
    424.4      0.0
     1     1    72     5     2     7     0     0   -11.0   54.392  -73.442    254.0    935.9    260.8    255.9      0.0    250.0     79.0      0.9      0.9
    407.5      0.0
     1     1    72     5     2     6     0     0   -12.0   54.408  -73.756    253.7    937.7    260.6    255.9      0.0    250.0     79.3      0.9      0.9
    390.3      0.0
     1     1    72     5     2     5     0     0   -13.0   54.425  -74.065    253.0    940.5    260.9    256.3      0.0    271.5     78.5      0.9      0.9
    374.5      0.0
     1     1    72     5     2     4     0     0   -14.0   54.445  -74.359    253.5    942.8    261.1    256.8      0.0    293.2     78.1      0.9      0.9
    358.8      0.0
     1     1    72     5     2     3     0     0   -15.0   54.468  -74.639    255.0    944.9    261.4    257.2      0.0    314.9     78.3      0.9      0.9
    343.7      0.0
     1     1    72     5     2     2     0     0   -16.0   54.493  -74.907    257.4    946.7    261.6    257.6      0.0    336.6     78.9      1.0      1.0
    329.3      0.0
     1     1    72     5     2     1     0     0   -17.0   54.520  -75.160    260.8    948.9    261.9    258.0      0.0    351.4     78.9      1.0      1.0
    311.1      0.0
     1     1    72     5     2     0     0     0   -18.0   54.551  -75.397    265.2    951.2    262.2    258.4      0.0    359.4     78.2      1.0      1.0
    291.6     36.5
     1     1    72     5     1    23     0     0   -19.0   54.587  -75.629    268.2    953.2    261.7    258.2      0.0    348.3     77.6      1.0      1.0
    262.1    117.6
     1     1    72     5     1    22     0     0   -20.0   54.628  -75.871    267.1    956.0    261.3    257.9      0.0    337.1     77.7      1.0      1.0
    244.1    198.6
     1     1    72     5     1    21     0     0   -21.0   54.675  -76.121    261.8    959.5    260.8    257.7      0.0    325.7     78.6      1.0      1.0
    225.7    273.9
     1     1    72     5     1    20     0     0   -22.0   54.725  -76.381    252.4    963.5    260.3    257.6      0.0    313.7     80.3      1.0      1.0
    206.9    338.1
     1     1    72     5     1    19     0     0   -23.0   54.777  -76.651    239.1    968.1    259.8    257.4      0.0    300.8     83.0      1.0      1.0
    187.8    386.8
     1     1    72     5     1    18     0     0   -24.0   54.829  -76.931    221.8    973.3    259.2    257.2      0.0    286.7     86.9      1.0      1.0
    168.5    416.3
