     3     1
    CDC1    72     4     1     0     0
    CDC1    72     5     1     0     0
    CDC1    72     6     1     0     0
     1 BACKWARD OMEGA   
    72     4    11    18   54.450  -70.500   200.0
    10 PRESSURE THETA    AIR_TEMP RAINFALL MIXDEPTH RELHUMID SPCHUMID H2OMIXRA TERR_MSL SUN_FLUX
     1     1    72     4    11    18     0     0     0.0   54.450  -70.500    200.0    926.2    274.5    268.6      0.0    376.8     92.2      2.7      2.7
    503.9    366.5
     1     1    72     4    11    17     0     0    -1.0   54.289  -70.541    204.0    925.2    274.1    268.1      0.0    355.9     87.4      2.5      2.5
    508.9    384.0
     1     1    72     4    11    16     0     0    -2.0   54.125  -70.567    207.1    924.3    273.7    267.6      0.0    334.7     82.9      2.3      2.3
    514.5    380.3
     1     1    72     4    11    15     0     0    -3.0   53.960  -70.577    209.7    923.3    273.3    267.2      0.0    313.5     78.6      2.1      2.1
    520.7    355.0
     1     1    72     4    11    14     0     0    -4.0   53.793  -70.566    212.0    922.3    273.0    266.7      0.0    292.3     74.6      1.9      1.9
    527.6    309.7
     1     1    72     4    11    13     0     0    -5.0   53.625  -70.534    214.7    921.2    272.6    266.3      0.0    271.1     70.7      1.8      1.8
    535.0    247.5
     1     1    72     4    11    12     0     0    -6.0   53.458  -70.478    218.0    919.9    272.2    265.8      0.0    250.0     67.0      1.6      1.6
    543.1    172.5
     1     1    72     4    11    11     0     0    -7.0   53.294  -70.389    223.3    918.2    272.2    265.7      0.0    250.0     70.1      1.7      1.7
    557.7     89.7
     1     1    72     4    11    10     0     0    -8.0   53.138  -70.262    232.0    915.8    272.3    265.5      0.0    250.0     73.1      1.7      1.7
    567.5      4.9
     1     1    72     4    11     9     0     0    -9.0   52.991  -70.098    244.6    912.9    272.3    265.3      0.0    250.0     75.9      1.8      1.8
    577.9      0.0
     1     1    72     4    11     8     0     0   -10.0   52.858  -69.901    261.3    909.7    272.3    265.0      0.0    250.0     78.8      1.8      1.8
    586.6      0.0
     1     1    72     4    11     7     0     0   -11.0   52.745  -69.676    282.2    906.3    272.3    264.7      0.0    250.0     81.6      1.8      1.8
    592.4      0.0
     1     1    72     4    11     6     0     0   -12.0   52.658  -69.426    307.4    902.6    272.3    264.4      0.0    250.0     84.1      1.9      1.9
    597.2      0.0
     1     1    72     4    11     5     0     0   -13.0   52.613  -69.169    334.7    899.1    272.4    264.2      0.0    257.6     82.6      1.8      1.8
    600.0      0.0
     1     1    72     4    11     4     0     0   -14.0   52.621  -68.920    361.6    896.2    272.4    264.0      0.0    269.2     81.6      1.7      1.8
    601.0      0.0
     1     1    72     4    11     3     0     0   -15.0   52.676  -68.679    387.8    893.3    272.3    263.7      0.0    285.3     80.8      1.7      1.7
    601.0      0.0
     1     1    72     4    11     2     0     0   -16.0   52.775  -68.445    413.4    890.3    272.2    263.3      0.0    305.6     80.2      1.7      1.7
    600.3      0.0
     1     1    72     4    11     1     0     0   -17.0   52.915  -68.219    438.5    887.6    272.1    263.0      0.0    329.7     80.0      1.6      1.6
    599.3      0.0
     1     1    72     4    11     0     0     0   -18.0   53.092  -67.999    463.2    885.0    271.9    262.6      0.0    356.6     80.3      1.6      1.6
    598.3      0.0
     1     1    72     4    10    23     0     0   -19.0   53.284  -67.776    489.0    882.0    271.7    262.1      0.0    396.6     80.2      1.5      1.5
    599.1     23.6
     1     1    72     4    10    22     0     0   -20.0   53.477  -67.536    517.1    878.7    271.5    261.6      0.0    424.0     80.1      1.5      1.5
    598.5    107.4
     1     1    72     4    10    21     0     0   -21.0   53.671  -67.276    546.9    875.6    271.4    261.3      0.0    433.7     79.3      1.4      1.4
    593.6    187.4
     1     1    72     4    10    20     0     0   -22.0   53.868  -66.988    577.3    872.7    271.3    261.0      0.0    433.3     78.5      1.4      1.4
    587.9    258.4
     1     1    72     4    10    19     0     0   -23.0   54.072  -66.669    607.9    869.9    271.3    260.7      0.0    425.4     77.7      1.3      1.3
    582.3    315.8
     1     1    72     4    10    18     0     0   -24.0   54.283  -66.311    638.1    866.9    271.3    260.4      0.0    412.1     76.9      1.3      1.3
    576.9    356.2
