     3     1
    CDC1    72     4     1     0     0
    CDC1    72     5     1     0     0
    CDC1    72     6     1     0     0
     1 BACKWARD OMEGA   
    72     5     4    18   54.450  -70.500   200.0
    10 PRESSURE THETA    AIR_TEMP RAINFALL MIXDEPTH RELHUMID SPCHUMID H2OMIXRA TERR_MSL SUN_FLUX
     1     1    72     5     4    18     0     0     0.0   54.450  -70.500    200.0    925.7    277.7    271.6      0.1    392.1     97.1      3.6      3.6
    507.4    414.1
     1     1    72     5     4    17     0     0    -1.0   54.344  -70.497    196.4    926.1    277.3    271.3      0.1    363.3     97.3      3.5      3.5
    511.5    432.1
     1     1    72     5     4    16     0     0    -2.0   54.228  -70.456    195.2    925.9    277.0    270.9      0.1    333.7     97.6      3.4      3.4
    517.2    429.8
     1     1    72     5     4    15     0     0    -3.0   54.102  -70.375    196.2    925.2    276.7    270.6      0.1    305.8     97.9      3.3      3.4
    524.5    406.8
     1     1    72     5     4    14     0     0    -4.0   53.962  -70.253    199.3    924.1    276.4    270.2      0.1    281.3     98.2      3.3      3.3
    533.3    364.7
     1     1    72     5     4    13     0     0    -5.0   53.804  -70.089    204.1    922.5    276.2    269.9      0.1    262.2     98.6      3.2      3.2
    544.0    306.3
     1     1    72     5     4    12     0     0    -6.0   53.625  -69.881    209.9    920.7    275.9    269.5      0.3    250.0     99.0      3.1      3.1
    554.8    235.5
     1     1    72     5     4    11     0     0    -7.0   53.423  -69.653    215.5    919.1    276.0    269.5      0.0    250.0     98.3      3.1      3.1
    559.7    156.6
     1     1    72     5     4    10     0     0    -8.0   53.201  -69.423    219.7    917.9    276.2    269.5      0.0    250.0     97.7      3.1      3.1
    570.5     74.6
     1     1    72     5     4     9     0     0    -9.0   52.959  -69.190    222.2    916.8    276.4    269.6      0.0    250.0     97.2      3.1      3.1
    581.1      0.0
     1     1    72     5     4     8     0     0   -10.0   52.700  -68.950    222.8    916.0    276.6    269.7      0.0    250.0     96.6      3.1      3.1
    591.5      0.0
     1     1    72     5     4     7     0     0   -11.0   52.427  -68.699    221.3    916.3    276.7    269.9      0.0    250.0     96.0      3.1      3.2
    594.4      0.0
     1     1    72     5     4     6     0     0   -12.0   52.149  -68.446    217.4    919.3    276.7    270.1      0.0    250.0     95.0      3.2      3.2
    575.1      0.0
     1     1    72     5     4     5     0     0   -13.0   51.881  -68.178    211.5    923.4    276.6    270.4      0.0    261.5     91.6      3.1      3.1
    555.2      0.0
     1     1    72     5     4     4     0     0   -14.0   51.634  -67.878    204.4    927.8    276.5    270.6      0.0    273.2     88.7      3.0      3.0
    531.7      0.0
     1     1    72     5     4     3     0     0   -15.0   51.408  -67.547    196.5    932.5    276.3    270.8      0.0    284.7     86.1      3.0      3.0
    507.4      0.0
     1     1    72     5     4     2     0     0   -16.0   51.204  -67.192    188.5    937.7    276.2    271.1      0.0    296.0     84.0      2.9      3.0
    477.2      0.0
     1     1    72     5     4     1     0     0   -17.0   51.022  -66.822    180.6    943.1    276.1    271.5      0.0    310.4     82.0      2.9      2.9
    444.6      0.0
     1     1    72     5     4     0     0     0   -18.0   50.858  -66.439    173.4    948.5    276.0    271.9      0.0    329.8     80.1      2.9      2.9
    410.4      0.0
     1     1    72     5     3    23     0     0   -19.0   50.709  -66.074    167.3    953.8    275.8    272.1      0.1    362.6     80.2      3.0      3.0
    375.5     59.7
     1     1    72     5     3    22     0     0   -20.0   50.577  -65.752    162.5    958.8    275.7    272.4      0.1    403.3     79.5      3.0      3.0
    341.9    145.3
     1     1    72     5     3    21     0     0   -21.0   50.459  -65.473    158.9    963.4    275.7    272.7      0.1    450.6     78.3      3.0      3.0
    310.8    229.7
     1     1    72     5     3    20     0     0   -22.0   50.351  -65.234    156.4    967.6    275.8    273.2      0.1    503.4     76.6      3.0      3.0
    282.2    307.3
     1     1    72     5     3    19     0     0   -23.0   50.251  -65.035    155.0    971.3    275.9    273.6      0.1    560.3     74.8      3.0      3.0
    256.3    372.7
     1     1    72     5     3    18     0     0   -24.0   50.159  -64.875    154.5    974.1    276.1    274.0      0.1    623.8     73.1      3.0      3.0
    236.6    421.4
