     3     1
    CDC1    72     4     1     0     0
    CDC1    72     5     1     0     0
    CDC1    72     6     1     0     0
     1 BACKWARD OMEGA   
    72     5    23    18   54.450  -70.500   200.0
    10 PRESSURE THETA    AIR_TEMP RAINFALL MIXDEPTH RELHUMID SPCHUMID H2OMIXRA TERR_MSL SUN_FLUX
     1     1    72     5    23    18     0     0     0.0   54.450  -70.500    200.0    930.8    273.0    267.5      0.1    867.2     94.4      2.5      2.6
    502.2    880.9
     1     1    72     5    23    17     0     0    -1.0   54.640  -70.711    229.8    927.8    272.6    266.8      0.1    759.6     95.4      2.5      2.5
    487.8    913.0
     1     1    72     5    23    16     0     0    -2.0   54.860  -70.896    259.1    925.2    272.1    266.1      0.1    654.1     96.4      2.4      2.4
    472.7    903.8
     1     1    72     5    23    15     0     0    -3.0   55.115  -71.048    288.7    923.3    271.6    265.4      0.1    555.2     96.5      2.2      2.3
    454.4    853.8
     1     1    72     5    23    14     0     0    -4.0   55.412  -71.168    318.9    922.0    271.2    264.9      0.1    469.4     95.0      2.1      2.1
    431.3    767.4
     1     1    72     5    23    13     0     0    -5.0   55.752  -71.259    349.7    921.0    270.7    264.4      0.0    398.4     92.8      2.0      2.0
    406.6    651.5
     1     1    72     5    23    12     0     0    -6.0   56.135  -71.318    381.4    920.4    270.1    263.8      0.0    342.1     89.7      1.8      1.9
    380.4    515.2
     1     1    72     5    23    11     0     0    -7.0   56.529  -71.358    409.5    918.2    270.1    263.6      0.1    356.9     87.9      1.8      1.8
    357.3    368.7
     1     1    72     5    23    10     0     0    -8.0   56.899  -71.379    430.3    917.5    269.9    263.3      0.1    368.5     87.7      1.7      1.8
    332.2    222.2
     1     1    72     5    23     9     0     0    -9.0   57.247  -71.356    445.3    917.1    269.6    263.0      0.1    376.7     89.0      1.7      1.7
    309.7     85.8
     1     1    72     5    23     8     0     0   -10.0   57.577  -71.273    456.0    916.8    269.3    262.7      0.1    376.5     91.1      1.7      1.7
    291.1      0.0
     1     1    72     5    23     7     0     0   -11.0   57.890  -71.128    462.9    916.3    269.1    262.5      0.0    360.1     92.2      1.7      1.7
    278.6      0.0
     1     1    72     5    23     6     0     0   -12.0   58.188  -70.924    466.1    916.4    268.9    262.2      0.0    344.5     93.4      1.7      1.7
    265.4      0.0
     1     1    72     5    23     5     0     0   -13.0   58.466  -70.725    466.6    918.3    268.7    262.2      0.1    378.9     91.8      1.7      1.7
    254.1      0.0
     1     1    72     5    23     4     0     0   -14.0   58.725  -70.593    466.3    920.3    268.6    262.2      0.1    418.9     90.8      1.7      1.7
    237.4      0.0
     1     1    72     5    23     3     0     0   -15.0   58.967  -70.521    465.8    922.3    268.4    262.3      0.0    464.1     90.3      1.6      1.7
    221.1      0.0
     1     1    72     5    23     2     0     0   -16.0   59.192  -70.501    465.8    924.0    268.3    262.3      0.0    513.9     90.3      1.6      1.7
    206.3      0.0
     1     1    72     5    23     1     0     0   -17.0   59.401  -70.529    466.7    925.3    268.2    262.3      0.0    567.8     90.6      1.7      1.7
    193.6     28.8
     1     1    72     5    23     0     0     0   -18.0   59.595  -70.599    468.7    926.1    268.1    262.3      0.0    625.4     91.3      1.7      1.7
    183.5    152.5
     1     1    72     5    22    23     0     0   -19.0   59.774  -70.698    471.3    927.5    267.9    262.2      0.0    628.9     90.9      1.6      1.6
    170.5    287.3
     1     1    72     5    22    22     0     0   -20.0   59.937  -70.818    473.5    928.7    267.8    262.2      0.0    627.4     90.4      1.6      1.6
    164.7    424.2
     1     1    72     5    22    21     0     0   -21.0   60.081  -70.968    474.6    929.2    267.7    262.1      0.0    625.7     89.5      1.6      1.6
    166.0    553.8
     1     1    72     5    22    20     0     0   -22.0   60.204  -71.152    474.2    929.4    267.7    262.1      0.0    625.6     88.7      1.6      1.6
    171.8    667.6
     1     1    72     5    22    19     0     0   -23.0   60.302  -71.372    471.8    929.7    267.7    262.2      0.0    625.4     87.9      1.6      1.6
    179.1    757.8
     1     1    72     5    22    18     0     0   -24.0   60.371  -71.628    467.1    930.1    267.8    262.3      0.0    625.3     87.3      1.6      1.6
    187.8    818.4
