     3     1
    CDC1    72     4     1     0     0
    CDC1    72     5     1     0     0
    CDC1    72     6     1     0     0
     1 BACKWARD OMEGA   
    72     4    14    18   54.450  -70.500   200.0
    10 PRESSURE THETA    AIR_TEMP RAINFALL MIXDEPTH RELHUMID SPCHUMID H2OMIXRA TERR_MSL SUN_FLUX
     1     1    72     4    14    18     0     0     0.0   54.450  -70.500    200.0    923.3    273.0    266.9      0.0    620.1     96.7      2.5      2.5
    509.0    747.2
     1     1    72     4    14    17     0     0    -1.0   54.470  -70.622    203.6    923.0    272.5    266.3      0.0    545.7     95.7      2.4      2.4
    503.7    780.3
     1     1    72     4    14    16     0     0    -2.0   54.502  -70.726    203.9    923.4    271.9    265.8      0.0    476.4     94.9      2.3      2.3
    498.4    770.5
     1     1    72     4    14    15     0     0    -3.0   54.546  -70.812    200.9    924.3    271.3    265.2      0.0    412.9     94.2      2.2      2.2
    493.4    717.7
     1     1    72     4    14    14     0     0    -4.0   54.602  -70.879    194.6    925.5    270.6    264.7      0.0    354.6     93.7      2.1      2.1
    488.7    625.9
     1     1    72     4    14    13     0     0    -5.0   54.667  -70.929    185.4    926.8    269.9    264.1      0.0    300.5     93.2      2.0      2.0
    484.2    501.7
     1     1    72     4    14    12     0     0    -6.0   54.744  -70.965    173.4    928.4    269.2    263.5      0.0    250.0     92.8      1.9      1.9
    479.8    353.8
     1     1    72     4    14    11     0     0    -7.0   54.816  -70.983    160.8    929.9    269.3    263.8      0.0    250.0     93.9      1.9      1.9
    480.8    192.7
     1     1    72     4    14    10     0     0    -8.0   54.871  -70.980    149.4    930.9    269.6    264.1      0.0    250.0     94.8      2.0      2.0
    478.9     29.2
     1     1    72     4    14     9     0     0    -9.0   54.908  -70.952    139.0    931.6    269.9    264.5      0.0    250.0     95.6      2.1      2.1
    478.5      0.0
     1     1    72     4    14     8     0     0   -10.0   54.928  -70.897    129.6    932.0    270.3    264.9      0.0    250.0     96.3      2.1      2.1
    479.9      0.0
     1     1    72     4    14     7     0     0   -11.0   54.928  -70.814    121.1    932.2    270.7    265.3      0.0    250.0     96.8      2.2      2.2
    483.2      0.0
     1     1    72     4    14     6     0     0   -12.0   54.908  -70.701    113.4    932.0    271.2    265.8      0.0    250.0     97.4      2.3      2.3
    488.4      0.0
     1     1    72     4    14     5     0     0   -13.0   54.878  -70.567    106.9    932.9    271.6    266.3      0.0    265.6     97.3      2.4      2.4
    486.0      0.0
     1     1    72     4    14     4     0     0   -14.0   54.850  -70.421    101.9    933.5    272.1    266.7      0.0    283.2     97.2      2.5      2.5
    492.2      0.0
     1     1    72     4    14     3     0     0   -15.0   54.824  -70.263     98.3    933.9    272.5    267.2      0.0    302.9     97.1      2.6      2.6
    498.8      0.0
     1     1    72     4    14     2     0     0   -16.0   54.799  -70.093     96.0    934.1    272.9    267.7      0.0    325.2     97.0      2.6      2.7
    505.6      0.0
     1     1    72     4    14     1     0     0   -17.0   54.777  -69.911     95.1    934.3    273.3    268.1      0.0    346.6     96.8      2.7      2.7
    512.4      0.0
     1     1    72     4    14     0     0     0   -18.0   54.756  -69.718     95.6    934.3    273.7    268.4      0.0    364.7     96.5      2.8      2.8
    518.9      0.0
     1     1    72     4    13    23     0     0   -19.0   54.730  -69.525     96.2    933.7    273.9    268.6      0.1    406.6     96.4      2.8      2.8
    522.4     86.3
     1     1    72     4    13    22     0     0   -20.0   54.696  -69.344     95.7    933.4    274.1    268.8      0.1    449.7     96.4      2.9      2.9
    528.7    248.3
     1     1    72     4    13    21     0     0   -21.0   54.655  -69.179     94.1    933.3    274.4    269.0      0.1    494.7     96.4      2.9      2.9
    534.6    403.9
     1     1    72     4    13    20     0     0   -22.0   54.609  -69.031     91.5    933.4    274.6    269.3      0.1    541.9     96.4      3.0      3.0
    540.1    542.8
     1     1    72     4    13    19     0     0   -23.0   54.560  -68.902     88.2    933.6    274.9    269.5      0.1    591.8     96.4      3.0      3.0
    545.1    655.5
     1     1    72     4    13    18     0     0   -24.0   54.507  -68.793     84.2    934.0    275.1    269.8      0.1    644.4     96.4      3.1      3.1
    549.6    734.4
