     3     1
    CDC1    72     4     1     0     0
    CDC1    72     5     1     0     0
    CDC1    72     6     1     0     0
     1 BACKWARD OMEGA   
    72     5    22    18   54.450  -70.500   200.0
    10 PRESSURE THETA    AIR_TEMP RAINFALL MIXDEPTH RELHUMID SPCHUMID H2OMIXRA TERR_MSL SUN_FLUX
     1     1    72     5    22    18     0     0     0.0   54.450  -70.500    200.0    929.4    275.8    270.1      0.0    606.0     94.7      3.1      3.1
    495.4    439.4
     1     1    72     5    22    17     0     0    -1.0   54.501  -70.722    187.1    932.4    275.4    269.9      0.0    559.9     93.2      3.0      3.0
    486.6    456.2
     1     1    72     5    22    16     0     0    -2.0   54.565  -70.914    179.6    934.5    274.9    269.6      0.0    511.9     91.7      2.9      2.9
    477.9    452.4
     1     1    72     5    22    15     0     0    -3.0   54.645  -71.076    176.9    936.0    274.3    269.2      0.0    462.9     90.2      2.7      2.8
    469.4    428.0
     1     1    72     5    22    14     0     0    -4.0   54.740  -71.204    178.5    937.1    273.7    268.7      0.0    412.7     88.7      2.6      2.6
    461.1    385.0
     1     1    72     5    22    13     0     0    -5.0   54.850  -71.298    184.5    937.7    273.1    268.2      0.0    361.2     87.2      2.5      2.5
    453.2    326.5
     1     1    72     5    22    12     0     0    -6.0   54.975  -71.353    194.7    937.8    272.6    267.6      0.0    308.5     85.5      2.3      2.3
    445.7    256.9
     1     1    72     5    22    11     0     0    -7.0   55.107  -71.384    206.2    936.1    272.8    267.7      0.0    304.5     87.7      2.4      2.4
    445.6    181.1
     1     1    72     5    22    10     0     0    -8.0   55.234  -71.409    215.9    935.1    272.9    267.7      0.0    300.4     90.1      2.5      2.5
    436.2    104.1
     1     1    72     5    22     9     0     0    -9.0   55.359  -71.427    223.5    934.4    273.1    267.8      0.0    296.8     92.5      2.5      2.6
    427.2     31.4
     1     1    72     5    22     8     0     0   -10.0   55.481  -71.437    229.4    933.9    273.2    267.9      0.0    293.7     94.9      2.6      2.6
    418.7      0.0
     1     1    72     5    22     7     0     0   -11.0   55.602  -71.438    233.5    933.7    273.3    268.0      0.0    291.1     97.3      2.7      2.7
    410.6      0.0
     1     1    72     5    22     6     0     0   -12.0   55.722  -71.426    236.0    933.6    273.4    268.1      0.0    288.9     99.6      2.8      2.8
    402.9      0.0
     1     1    72     5    22     5     0     0   -13.0   55.842  -71.416    239.4    934.3    273.7    268.5      0.0    336.3     98.3      2.8      2.9
    400.8      0.0
     1     1    72     5    22     4     0     0   -14.0   55.962  -71.418    246.7    934.2    274.1    268.8      0.0    382.5     97.1      2.9      2.9
    392.4      0.0
     1     1    72     5    22     3     0     0   -15.0   56.083  -71.432    257.8    933.7    274.4    269.1      0.0    428.2     95.8      2.9      2.9
    383.7      0.0
     1     1    72     5    22     2     0     0   -16.0   56.205  -71.458    272.9    932.7    274.8    269.4      0.0    473.8     94.7      2.9      2.9
    374.7      0.0
     1     1    72     5    22     1     0     0   -17.0   56.329  -71.494    292.4    931.4    275.2    269.6      0.0    519.9     93.8      3.0      3.0
    365.4      0.0
     1     1    72     5    22     0     0     0   -18.0   56.453  -71.542    316.7    929.6    275.5    269.8      0.0    567.1     93.0      3.0      3.0
    355.8     65.0
     1     1    72     5    21    23     0     0   -19.0   56.564  -71.597    342.0    927.3    275.3    269.4      0.0    593.8     92.8      2.9      2.9
    340.3    138.6
     1     1    72     5    21    22     0     0   -20.0   56.645  -71.657    363.6    925.7    275.1    269.0      0.0    619.5     92.7      2.8      2.8
    333.8    213.2
     1     1    72     5    21    21     0     0   -21.0   56.695  -71.724    381.1    924.2    274.9    268.8      0.0    642.8     92.4      2.8      2.8
    329.1    283.9
     1     1    72     5    21    20     0     0   -22.0   56.714  -71.799    393.9    922.7    274.8    268.5      0.0    662.4     91.5      2.7      2.7
    326.1    346.1
     1     1    72     5    21    19     0     0   -23.0   56.700  -71.883    401.5    921.7    274.7    268.4      0.0    676.8     90.5      2.6      2.6
    324.9    395.6
     1     1    72     5    21    18     0     0   -24.0   56.653  -71.978    403.4    921.2    274.7    268.3      0.0    684.5     89.5      2.6      2.6
    325.3    429.0
