     3     1
    CDC1    72     4     1     0     0
    CDC1    72     5     1     0     0
    CDC1    72     6     1     0     0
     1 BACKWARD OMEGA   
    72     4    20    18   54.450  -70.500   200.0
    10 PRESSURE THETA    AIR_TEMP RAINFALL MIXDEPTH RELHUMID SPCHUMID H2OMIXRA TERR_MSL SUN_FLUX
     1     1    72     4    20    18     0     0     0.0   54.450  -70.500    200.0    927.0    272.2    266.4      0.0    668.5     91.9      2.3      2.3
    509.8    774.1
     1     1    72     4    20    17     0     0    -1.0   54.465  -70.304    192.5    927.5    271.7    265.9      0.0    602.5     90.4      2.2      2.2
    515.0    807.8
     1     1    72     4    20    16     0     0    -2.0   54.481  -70.123    187.5    927.6    271.2    265.5      0.0    533.8     88.7      2.1      2.1
    520.0    800.7
     1     1    72     4    20    15     0     0    -3.0   54.498  -69.956    184.7    927.6    270.7    265.0      0.0    464.0     87.0      1.9      2.0
    524.2    752.4
     1     1    72     4    20    14     0     0    -4.0   54.520  -69.803    184.0    927.7    270.2    264.4      0.0    393.1     85.4      1.8      1.8
    527.1    665.9
     1     1    72     4    20    13     0     0    -5.0   54.548  -69.663    185.2    927.5    269.6    263.9      0.0    321.5     84.0      1.7      1.7
    529.5    547.0
     1     1    72     4    20    12     0     0    -6.0   54.584  -69.533    188.2    927.2    269.1    263.3      0.0    250.0     82.7      1.6      1.6
    531.6    403.7
     1     1    72     4    20    11     0     0    -7.0   54.625  -69.403    190.7    926.6    269.4    263.5      0.0    250.0     83.7      1.7      1.7
    528.4    245.7
     1     1    72     4    20    10     0     0    -8.0   54.667  -69.269    190.6    926.5    269.6    263.8      0.0    250.0     84.7      1.7      1.7
    530.3     83.7
     1     1    72     4    20     9     0     0    -9.0   54.709  -69.131    187.8    926.6    269.9    264.1      0.0    250.0     85.6      1.8      1.8
    532.3      0.0
     1     1    72     4    20     8     0     0   -10.0   54.748  -68.987    182.5    927.0    270.1    264.3      0.0    250.0     86.6      1.8      1.8
    534.6      0.0
     1     1    72     4    20     7     0     0   -11.0   54.784  -68.837    174.9    927.6    270.3    264.6      0.0    250.0     87.6      1.9      1.9
    537.2      0.0
     1     1    72     4    20     6     0     0   -12.0   54.816  -68.679    165.3    928.4    270.5    264.8      0.0    250.0     88.7      2.0      2.0
    540.3      0.0
     1     1    72     4    20     5     0     0   -13.0   54.846  -68.528    154.0    929.7    270.8    265.2      0.0    294.1     87.6      2.0      2.0
    537.6      0.0
     1     1    72     4    20     4     0     0   -14.0   54.880  -68.400    141.1    931.2    271.2    265.7      0.0    342.6     86.5      2.0      2.0
    540.0      0.0
     1     1    72     4    20     3     0     0   -15.0   54.918  -68.296    127.1    933.0    271.6    266.2      0.0    394.3     85.3      2.1      2.1
    541.8      0.0
     1     1    72     4    20     2     0     0   -16.0   54.959  -68.214    112.6    935.1    272.1    266.9      0.0    448.1     84.0      2.2      2.2
    542.9      0.0
     1     1    72     4    20     1     0     0   -17.0   55.004  -68.153     98.0    937.3    272.7    267.7      0.0    502.7     82.4      2.2      2.2
    543.1      0.0
     1     1    72     4    20     0     0     0   -18.0   55.053  -68.112     84.3    940.1    273.3    268.5      0.0    553.7     80.6      2.3      2.3
    540.0      0.0
     1     1    72     4    19    23     0     0   -19.0   55.095  -68.076     72.2    942.1    273.1    268.5      0.0    612.3     82.3      2.4      2.4
    544.0    101.3
     1     1    72     4    19    22     0     0   -20.0   55.118  -68.030     61.5    942.9    273.0    268.4      0.0    671.2     83.9      2.4      2.4
    542.9    262.2
     1     1    72     4    19    21     0     0   -21.0   55.121  -67.978     51.7    943.6    272.9    268.4      0.0    730.6     85.3      2.4      2.4
    543.7    417.4
     1     1    72     4    19    20     0     0   -22.0   55.104  -67.918     42.8    944.1    272.9    268.5      0.0    790.6     86.7      2.5      2.5
    546.4    556.5
     1     1    72     4    19    19     0     0   -23.0   55.067  -67.852     34.9    944.3    272.9    268.5      0.0    851.4     88.0      2.5      2.5
    551.2    670.4
     1     1    72     4    19    18     0     0   -24.0   55.008  -67.781     28.0    944.2    273.0    268.6      0.0    913.2     89.3      2.6      2.6
    558.1    751.4
