     3     1
    CDC1    72     4     1     0     0
    CDC1    72     5     1     0     0
    CDC1    72     6     1     0     0
     1 BACKWARD OMEGA   
    72     5    26    18   54.450  -70.500   200.0
    10 PRESSURE THETA    AIR_TEMP RAINFALL MIXDEPTH RELHUMID SPCHUMID H2OMIXRA TERR_MSL SUN_FLUX
     1     1    72     5    26    18     0     0     0.0   54.450  -70.500    200.0    939.2    282.5    277.5      0.0    277.7     57.5      3.2      3.2
    510.6    887.1
     1     1    72     5    26    17     0     0    -1.0   54.368  -70.553    204.9    938.8    282.3    277.3      0.0    276.5     58.6      3.2      3.2
    512.4    921.5
     1     1    72     5    26    16     0     0    -2.0   54.306  -70.589    211.0    938.2    282.1    277.0      0.0    273.3     59.3      3.2      3.2
    514.0    915.8
     1     1    72     5    26    15     0     0    -3.0   54.263  -70.610    218.5    937.4    281.8    276.7      0.0    268.6     59.6      3.1      3.1
    515.2    869.3
     1     1    72     5    26    14     0     0    -4.0   54.239  -70.615    227.4    936.4    281.6    276.3      0.0    262.8     59.6      3.0      3.0
    516.0    785.4
     1     1    72     5    26    13     0     0    -5.0   54.236  -70.602    238.0    935.3    281.3    275.9      0.0    256.4     59.4      2.9      3.0
    516.5    670.0
     1     1    72     5    26    12     0     0    -6.0   54.254  -70.571    250.4    934.0    281.0    275.5      0.0    250.0     59.2      2.9      2.9
    516.6    531.1
     1     1    72     5    26    11     0     0    -7.0   54.281  -70.539    264.0    932.3    280.8    275.3      0.0    261.8     59.2      2.8      2.8
    516.5    378.2
     1     1    72     5    26    10     0     0    -8.0   54.305  -70.523    278.1    930.6    280.7    275.0      0.0    274.2     59.4      2.8      2.8
    516.0    221.6
     1     1    72     5    26     9     0     0    -9.0   54.328  -70.525    292.6    929.0    280.6    274.7      0.0    286.7     59.7      2.7      2.7
    515.2     71.9
     1     1    72     5    26     8     0     0   -10.0   54.349  -70.544    307.6    927.4    280.4    274.4      0.0    299.0     60.1      2.7      2.7
    513.8      0.0
     1     1    72     5    26     7     0     0   -11.0   54.368  -70.581    323.1    925.9    280.3    274.1      0.0    310.8     60.6      2.7      2.7
    512.1      0.0
     1     1    72     5    26     6     0     0   -12.0   54.384  -70.635    339.1    924.3    280.1    273.8      0.0    321.5     61.0      2.6      2.6
    509.8      0.0
     1     1    72     5    26     5     0     0   -13.0   54.407  -70.701    356.5    923.3    280.3    274.0      0.0    324.8     59.9      2.6      2.6
    501.9      0.0
     1     1    72     5    26     4     0     0   -14.0   54.444  -70.770    376.3    922.0    280.6    274.2      0.0    327.8     58.6      2.6      2.6
    498.3      0.0
     1     1    72     5    26     3     0     0   -15.0   54.495  -70.843    398.3    920.1    280.9    274.3      0.0    330.0     57.0      2.6      2.6
    494.0      0.0
     1     1    72     5    26     2     0     0   -16.0   54.561  -70.917    422.0    918.1    281.3    274.5      0.0    331.2     55.5      2.5      2.5
    488.9      0.0
     1     1    72     5    26     1     0     0   -17.0   54.641  -70.993    447.6    916.1    281.6    274.6      0.0    330.8     54.0      2.5      2.5
    483.2      0.0
     1     1    72     5    26     0     0     0   -18.0   54.735  -71.068    475.1    914.0    281.8    274.6      0.0    328.6     52.4      2.4      2.4
    476.7    123.4
     1     1    72     5    25    23     0     0   -19.0   54.829  -71.153    502.4    911.6    281.7    274.3      0.0    322.5     49.2      2.2      2.2
    465.6    276.4
     1     1    72     5    25    22     0     0   -20.0   54.909  -71.259    526.9    909.9    281.6    274.0      0.0    315.5     46.0      2.0      2.1
    458.6    432.2
     1     1    72     5    25    21     0     0   -21.0   54.976  -71.385    548.9    908.5    281.4    273.8      0.0    307.5     42.7      1.9      1.9
    451.6    580.2
     1     1    72     5    25    20     0     0   -22.0   55.029  -71.533    568.2    907.5    281.3    273.6      0.0    298.7     39.4      1.7      1.7
    444.1    710.2
     1     1    72     5    25    19     0     0   -23.0   55.068  -71.703    585.0    906.9    281.2    273.4      0.0    289.5     36.0      1.5      1.5
    436.4    813.5
     1     1    72     5    25    18     0     0   -24.0   55.092  -71.893    599.5    906.4    281.0    273.2      0.0    279.8     32.6      1.4      1.4
    428.9    882.7
