     3     1
    CDC1    72     4     1     0     0
    CDC1    72     5     1     0     0
    CDC1    72     6     1     0     0
     1 BACKWARD OMEGA   
    72     4    26    18   54.450  -70.500   200.0
    10 PRESSURE THETA    AIR_TEMP RAINFALL MIXDEPTH RELHUMID SPCHUMID H2OMIXRA TERR_MSL SUN_FLUX
     1     1    72     4    26    18     0     0     0.0   54.450  -70.500    200.0    940.1    272.6    267.8      0.0    668.6     98.0      2.7      2.7
    496.9    798.8
     1     1    72     4    26    17     0     0    -1.0   54.551  -70.359    203.3    939.4    272.0    267.1      0.0    594.3     97.2      2.5      2.5
    496.7    831.9
     1     1    72     4    26    16     0     0    -2.0   54.665  -70.218    205.9    938.8    271.4    266.5      0.0    519.2     96.6      2.4      2.4
    496.1    824.3
     1     1    72     4    26    15     0     0    -3.0   54.793  -70.080    207.9    938.5    270.8    265.9      0.0    445.6     96.1      2.3      2.3
    494.9    775.7
     1     1    72     4    26    14     0     0    -4.0   54.936  -69.944    209.1    938.4    270.2    265.3      0.0    376.8     95.6      2.2      2.2
    493.1    689.7
     1     1    72     4    26    13     0     0    -5.0   55.094  -69.815    209.7    938.9    269.5    264.7      0.0    318.7     94.9      2.1      2.1
    487.4    572.3
     1     1    72     4    26    12     0     0    -6.0   55.266  -69.697    209.9    940.0    268.8    264.1      0.0    263.7     93.9      1.9      1.9
    477.8    431.6
     1     1    72     4    26    11     0     0    -7.0   55.446  -69.593    208.7    940.3    268.6    263.9      0.1    264.1     94.8      1.9      1.9
    483.5    277.5
     1     1    72     4    26    10     0     0    -8.0   55.624  -69.505    205.9    941.1    268.4    263.8      0.1    262.5     95.7      1.9      1.9
    471.5    120.2
     1     1    72     4    26     9     0     0    -9.0   55.801  -69.432    201.3    942.2    268.2    263.7      0.1    259.8     96.6      1.9      1.9
    459.0      0.0
     1     1    72     4    26     8     0     0   -10.0   55.974  -69.374    195.2    943.7    268.0    263.6      0.1    256.4     97.6      1.9      1.9
    446.2      0.0
     1     1    72     4    26     7     0     0   -11.0   56.143  -69.332    187.7    945.0    267.8    263.5      0.1    253.1     98.6      1.9      1.9
    433.3      0.0
     1     1    72     4    26     6     0     0   -12.0   56.307  -69.306    179.1    946.5    267.6    263.5      0.0    250.0     99.7      1.9      2.0
    420.5      0.0
     1     1    72     4    26     5     0     0   -13.0   56.466  -69.296    171.2    949.1    267.8    263.8      0.0    288.5     99.4      2.0      2.0
    403.3      0.0
     1     1    72     4    26     4     0     0   -14.0   56.625  -69.302    165.3    951.3    268.0    264.2      0.0    330.8     99.1      2.0      2.0
    390.6      0.0
     1     1    72     4    26     3     0     0   -15.0   56.783  -69.317    161.1    953.4    268.3    264.6      0.0    377.3     98.9      2.1      2.1
    377.8      0.0
     1     1    72     4    26     2     0     0   -16.0   56.943  -69.338    158.4    955.4    268.5    265.0      0.0    428.4     98.9      2.2      2.2
    364.9      0.0
     1     1    72     4    26     1     0     0   -17.0   57.103  -69.358    157.0    957.2    268.8    265.5      0.0    484.0     98.9      2.2      2.2
    352.0      0.0
     1     1    72     4    26     0     0     0   -18.0   57.264  -69.374    156.7    958.8    269.2    265.9      0.0    544.0     99.1      2.3      2.3
    339.1      5.4
     1     1    72     4    25    23     0     0   -19.0   57.422  -69.381    156.2    959.9    268.9    265.8      0.1    566.0     99.1      2.3      2.3
    329.6    153.2
     1     1    72     4    25    22     0     0   -20.0   57.573  -69.377    154.4    961.3    268.7    265.7      0.1    579.5     98.9      2.3      2.3
    317.7    303.9
     1     1    72     4    25    21     0     0   -21.0   57.717  -69.365    151.3    962.7    268.5    265.6      0.1    586.4     98.3      2.2      2.2
    305.7    447.3
     1     1    72     4    25    20     0     0   -22.0   57.855  -69.347    146.7    964.3    268.3    265.5      0.1    596.0     97.7      2.2      2.2
    294.3    574.0
     1     1    72     4    25    19     0     0   -23.0   57.987  -69.322    140.3    966.0    268.1    265.5      0.1    608.3     97.0      2.2      2.2
    283.2    675.4
     1     1    72     4    25    18     0     0   -24.0   58.111  -69.291    132.0    967.9    268.0    265.5      0.1    623.1     96.3      2.1      2.2
    272.6    745.1
