     3     1
    CDC1    72     4     1     0     0
    CDC1    72     5     1     0     0
    CDC1    72     6     1     0     0
     1 BACKWARD OMEGA   
    72     4    22    18   54.450  -70.500   200.0
    10 PRESSURE THETA    AIR_TEMP RAINFALL MIXDEPTH RELHUMID SPCHUMID H2OMIXRA TERR_MSL SUN_FLUX
     1     1    72     4    22    18     0     0     0.0   54.450  -70.500    200.0    932.6    273.2    267.8      0.0    349.4     94.9      2.6      2.6
    500.1    782.6
     1     1    72     4    22    17     0     0    -1.0   54.596  -70.833    197.5    935.0    272.3    267.2      0.0    339.3     95.1      2.5      2.5
    485.1    815.3
     1     1    72     4    22    16     0     0    -2.0   54.739  -71.157    192.7    937.9    271.4    266.4      0.0    326.4     95.3      2.4      2.4
    469.9    804.4
     1     1    72     4    22    15     0     0    -3.0   54.879  -71.473    185.9    940.9    270.3    265.6      0.0    311.0     95.4      2.2      2.2
    454.8    750.4
     1     1    72     4    22    14     0     0    -4.0   55.012  -71.778    177.8    944.0    269.1    264.7      0.0    293.1     95.5      2.1      2.1
    439.7    657.3
     1     1    72     4    22    13     0     0    -5.0   55.139  -72.069    169.5    947.2    267.8    263.7      0.0    273.3     94.7      1.9      1.9
    423.6    532.2
     1     1    72     4    22    12     0     0    -6.0   55.257  -72.344    161.6    950.3    266.5    262.6      0.0    250.0     93.8      1.7      1.7
    409.0    384.0
     1     1    72     4    22    11     0     0    -7.0   55.362  -72.601    154.4    953.2    266.2    262.6      0.0    250.0     91.8      1.7      1.7
    389.5    223.5
     1     1    72     4    22    10     0     0    -8.0   55.450  -72.841    147.9    956.1    266.0    262.6      0.0    250.0     90.2      1.6      1.6
    373.1     61.7
     1     1    72     4    22     9     0     0    -9.0   55.522  -73.065    141.9    958.8    265.9    262.7      0.0    250.0     89.0      1.6      1.6
    358.6      0.0
     1     1    72     4    22     8     0     0   -10.0   55.579  -73.276    136.3    961.2    265.8    262.8      0.0    250.0     88.1      1.6      1.6
    345.8      0.0
     1     1    72     4    22     7     0     0   -11.0   55.621  -73.474    130.9    963.4    265.7    262.9      0.0    250.0     87.4      1.6      1.6
    334.5      0.0
     1     1    72     4    22     6     0     0   -12.0   55.649  -73.659    125.8    965.5    265.6    263.0      0.0    250.0     86.9      1.6      1.6
    324.7      0.0
     1     1    72     4    22     5     0     0   -13.0   55.671  -73.838    121.4    967.4    266.1    263.6      0.0    250.0     85.0      1.6      1.6
    317.9      0.0
     1     1    72     4    22     4     0     0   -14.0   55.698  -74.016    118.2    969.2    266.7    264.3      0.0    250.0     83.0      1.7      1.7
    307.9      0.0
     1     1    72     4    22     3     0     0   -15.0   55.728  -74.196    116.1    970.8    267.2    265.0      0.0    250.0     80.9      1.7      1.7
    297.7      0.0
     1     1    72     4    22     2     0     0   -16.0   55.762  -74.377    115.1    972.5    267.8    265.7      0.0    250.0     78.6      1.8      1.8
    287.4      0.0
     1     1    72     4    22     1     0     0   -17.0   55.799  -74.561    114.9    974.0    268.4    266.4      0.0    250.0     76.2      1.8      1.8
    276.8      0.0
     1     1    72     4    22     0     0     0   -18.0   55.839  -74.749    115.7    975.5    269.0    267.1      0.0    250.0     73.6      1.8      1.8
    266.1     28.0
     1     1    72     4    21    23     0     0   -19.0   55.875  -74.929    116.7    977.0    268.9    267.1      0.0    251.4     72.8      1.8      1.8
    251.3    186.4
     1     1    72     4    21    22     0     0   -20.0   55.902  -75.091    117.1    978.5    268.8    267.2      0.0    250.0     72.8      1.8      1.8
    241.6    344.7
     1     1    72     4    21    21     0     0   -21.0   55.921  -75.233    117.1    980.0    268.8    267.2      0.0    250.0     73.3      1.8      1.8
    232.9    492.1
     1     1    72     4    21    20     0     0   -22.0   55.933  -75.355    116.5    981.3    268.7    267.2      0.0    250.0     73.9      1.9      1.9
    225.7    618.3
     1     1    72     4    21    19     0     0   -23.0   55.936  -75.457    115.5    982.5    268.6    267.2      0.0    250.0     74.6      1.9      1.9
    219.9    714.8
     1     1    72     4    21    18     0     0   -24.0   55.933  -75.539    114.3    983.5    268.4    267.2      0.0    250.0     75.3      1.9      1.9
    215.5    775.2
