     3     1
    CDC1    72     4     1     0     0
    CDC1    72     5     1     0     0
    CDC1    72     6     1     0     0
     1 BACKWARD OMEGA   
    72     4    13    18   54.450  -70.500   200.0
    10 PRESSURE THETA    AIR_TEMP RAINFALL MIXDEPTH RELHUMID SPCHUMID H2OMIXRA TERR_MSL SUN_FLUX
     1     1    72     4    13    18     0     0     0.0   54.450  -70.500    200.0    925.0    274.1    268.1      0.0    605.7     96.8      2.7      2.8
    499.8    742.5
     1     1    72     4    13    17     0     0    -1.0   54.375  -70.434    191.1    926.0    273.6    267.6      0.0    547.3     96.0      2.6      2.6
    505.1    776.6
     1     1    72     4    13    16     0     0    -2.0   54.303  -70.352    184.2    926.5    273.1    267.2      0.0    488.4     95.3      2.5      2.5
    510.9    768.9
     1     1    72     4    13    15     0     0    -3.0   54.234  -70.255    179.1    926.8    272.6    266.7      0.0    429.7     94.7      2.4      2.4
    516.9    718.9
     1     1    72     4    13    14     0     0    -4.0   54.167  -70.144    175.8    926.9    272.1    266.2      0.0    370.7     94.1      2.3      2.3
    523.2    630.0
     1     1    72     4    13    13     0     0    -5.0   54.103  -70.020    174.2    926.8    271.6    265.8      0.0    311.0     93.7      2.2      2.2
    529.7    508.1
     1     1    72     4    13    12     0     0    -6.0   54.044  -69.884    174.4    926.6    271.2    265.3      0.0    250.0     93.1      2.1      2.1
    535.7    361.4
     1     1    72     4    13    11     0     0    -7.0   53.987  -69.758    175.5    925.9    271.5    265.6      0.0    261.4     91.7      2.2      2.2
    546.6    199.5
     1     1    72     4    13    10     0     0    -8.0   53.930  -69.665    176.3    925.4    271.8    265.9      0.0    271.0     90.3      2.2      2.2
    550.5     32.8
     1     1    72     4    13     9     0     0    -9.0   53.872  -69.601    177.0    925.0    272.1    266.1      0.0    279.4     89.0      2.2      2.2
    553.6      0.0
     1     1    72     4    13     8     0     0   -10.0   53.816  -69.566    177.5    924.8    272.4    266.4      0.0    286.9     87.7      2.2      2.2
    556.2      0.0
     1     1    72     4    13     7     0     0   -11.0   53.760  -69.558    177.7    924.6    272.6    266.6      0.0    294.0     86.4      2.2      2.2
    558.3      0.0
     1     1    72     4    13     6     0     0   -12.0   53.705  -69.577    177.6    924.5    272.8    266.7      0.0    300.9     85.1      2.2      2.2
    559.8      0.0
     1     1    72     4    13     5     0     0   -13.0   53.654  -69.609    178.8    924.9    273.1    267.0      0.0    337.8     83.7      2.2      2.2
    560.9      0.0
     1     1    72     4    13     4     0     0   -14.0   53.611  -69.643    183.0    924.8    273.3    267.3      0.0    372.6     82.2      2.2      2.2
    561.9      0.0
     1     1    72     4    13     3     0     0   -15.0   53.576  -69.678    190.3    924.4    273.6    267.5      0.0    405.7     80.7      2.2      2.2
    562.6      0.0
     1     1    72     4    13     2     0     0   -16.0   53.548  -69.714    200.9    923.6    273.8    267.6      0.0    437.1     79.2      2.2      2.2
    563.1      0.0
     1     1    72     4    13     1     0     0   -17.0   53.528  -69.753    214.7    922.2    274.0    267.8      0.0    467.1     77.8      2.2      2.2
    563.2      0.0
     1     1    72     4    13     0     0     0   -18.0   53.517  -69.793    232.0    920.4    274.3    267.8      0.0    495.7     76.6      2.1      2.2
    563.1      0.0
     1     1    72     4    12    23     0     0   -19.0   53.508  -69.841    251.2    917.6    274.2    267.6      0.0    512.7     77.9      2.1      2.2
    565.7     81.0
     1     1    72     4    12    22     0     0   -20.0   53.498  -69.902    270.8    915.0    274.2    267.3      0.0    529.2     78.9      2.1      2.1
    565.3    250.7
     1     1    72     4    12    21     0     0   -21.0   53.486  -69.978    290.8    912.5    274.1    267.0      0.0    545.3     79.6      2.1      2.1
    564.7    412.8
     1     1    72     4    12    20     0     0   -22.0   53.474  -70.070    311.0    910.2    274.1    266.8      0.0    561.8     80.0      2.1      2.1
    562.8    556.3
     1     1    72     4    12    19     0     0   -23.0   53.461  -70.177    331.3    908.0    273.9    266.5      0.0    576.1     80.1      2.1      2.1
    560.2    671.0
     1     1    72     4    12    18     0     0   -24.0   53.448  -70.301    351.5    906.1    273.8    266.2      0.0    587.0     79.9      2.0      2.0
    557.1    748.9
