     3     1
    CDC1    72     4     1     0     0
    CDC1    72     5     1     0     0
    CDC1    72     6     1     0     0
     1 BACKWARD OMEGA   
    72     5    29    18   54.450  -70.500   200.0
    10 PRESSURE THETA    AIR_TEMP RAINFALL MIXDEPTH RELHUMID SPCHUMID H2OMIXRA TERR_MSL SUN_FLUX
     1     1    72     5    29    18     0     0     0.0   54.450  -70.500    200.0    928.2    280.8    274.9      0.0    901.2     74.6      3.4      3.5
    502.6    446.3
     1     1    72     5    29    17     0     0    -1.0   54.478  -70.834    197.3    930.1    280.0    274.2      0.0    798.2     75.4      3.3      3.3
    492.3    462.9
     1     1    72     5    29    16     0     0    -2.0   54.514  -71.144    197.9    931.3    279.2    273.6      0.0    700.9     75.9      3.2      3.2
    482.1    458.8
     1     1    72     5    29    15     0     0    -3.0   54.559  -71.431    201.8    931.9    278.4    272.8      0.0    610.0     76.0      3.0      3.0
    472.0    433.9
     1     1    72     5    29    14     0     0    -4.0   54.610  -71.699    208.7    932.2    277.6    272.1      0.0    524.3     75.5      2.8      2.9
    462.2    390.2
     1     1    72     5    29    13     0     0    -5.0   54.670  -71.949    218.4    932.1    276.8    271.3      0.0    442.6     74.4      2.6      2.7
    452.4    330.9
     1     1    72     5    29    12     0     0    -6.0   54.737  -72.182    231.0    931.6    276.0    270.5      0.0    363.7     72.6      2.4      2.5
    442.6    260.2
     1     1    72     5    29    11     0     0    -7.0   54.806  -72.409    242.5    931.1    276.2    270.6      0.0    353.4     73.8      2.5      2.5
    425.5    183.2
     1     1    72     5    29    10     0     0    -8.0   54.866  -72.637    248.7    932.2    276.3    270.8      0.0    331.2     75.1      2.6      2.6
    412.5    105.2
     1     1    72     5    29     9     0     0    -9.0   54.917  -72.861    249.9    934.0    276.3    270.9      0.0    305.3     76.4      2.7      2.7
    398.4     31.7
     1     1    72     5    29     8     0     0   -10.0   54.958  -73.081    246.7    936.4    276.3    271.2      0.0    283.0     78.0      2.7      2.8
    385.2      0.0
     1     1    72     5    29     7     0     0   -11.0   54.989  -73.294    239.6    939.1    276.3    271.4      0.0    264.6     80.0      2.8      2.9
    372.9      0.0
     1     1    72     5    29     6     0     0   -12.0   55.008  -73.500    229.2    942.2    276.3    271.6      0.0    250.2     82.3      3.0      3.0
    361.5      0.0
     1     1    72     5    29     5     0     0   -13.0   55.031  -73.696    219.4    945.5    276.4    272.0      0.0    262.0     82.8      3.1      3.1
    354.6      0.0
     1     1    72     5    29     4     0     0   -14.0   55.071  -73.883    213.4    947.9    276.6    272.4      0.0    271.3     83.0      3.1      3.2
    344.3      0.0
     1     1    72     5    29     3     0     0   -15.0   55.128  -74.063    210.7    949.8    276.8    272.7      0.0    278.4     83.2      3.2      3.2
    333.5      0.0
     1     1    72     5    29     2     0     0   -16.0   55.201  -74.240    210.8    951.3    277.0    273.1      0.0    283.5     83.3      3.3      3.3
    322.2      0.0
     1     1    72     5    29     1     0     0   -17.0   55.287  -74.416    213.5    952.5    277.3    273.4      0.0    286.7     83.5      3.4      3.4
    310.4     15.1
     1     1    72     5    29     0     0     0   -18.0   55.386  -74.592    218.6    953.4    277.5    273.8      0.0    288.1     83.8      3.5      3.5
    298.2     86.1
     1     1    72     5    28    23     0     0   -19.0   55.482  -74.764    224.5    954.0    277.5    273.8      0.0    304.9     81.5      3.4      3.4
    287.8    162.4
     1     1    72     5    28    22     0     0   -20.0   55.563  -74.923    229.8    954.8    277.5    273.9      0.0    317.9     79.5      3.3      3.4
    276.5    238.6
     1     1    72     5    28    21     0     0   -21.0   55.631  -75.067    234.4    955.7    277.6    274.0      0.0    330.4     77.4      3.3      3.3
    265.4    309.5
     1     1    72     5    28    20     0     0   -22.0   55.689  -75.191    238.4    956.7    277.6    274.1      0.0    342.7     75.4      3.2      3.2
    254.5    370.2
     1     1    72     5    28    19     0     0   -23.0   55.736  -75.295    241.6    957.6    277.7    274.3      0.0    352.7     73.5      3.2      3.2
    245.6    416.8
     1     1    72     5    28    18     0     0   -24.0   55.775  -75.377    244.1    958.4    277.8    274.4      0.0    361.2     71.7      3.1      3.1
    238.7    446.0
