     3     1
    CDC1    72     4     1     0     0
    CDC1    72     5     1     0     0
    CDC1    72     6     1     0     0
     1 BACKWARD OMEGA   
    72     5    12    18   54.450  -70.500   200.0
    10 PRESSURE THETA    AIR_TEMP RAINFALL MIXDEPTH RELHUMID SPCHUMID H2OMIXRA TERR_MSL SUN_FLUX
     1     1    72     5    12    18     0     0     0.0   54.450  -70.500    200.0    932.1    273.5    268.1      0.0    854.4     91.9      2.6      2.6
    503.2    426.6
     1     1    72     5    12    17     0     0    -1.0   54.563  -70.530    226.5    929.1    272.8    267.1      0.0    752.2     88.4      2.3      2.3
    498.3    443.4
     1     1    72     5    12    16     0     0    -2.0   54.678  -70.540    252.1    926.4    272.1    266.2      0.0    651.1     84.7      2.1      2.1
    493.8    439.8
     1     1    72     5    12    15     0     0    -3.0   54.797  -70.529    276.6    923.9    271.5    265.4      0.0    551.6     80.7      1.9      1.9
    489.8    415.9
     1     1    72     5    12    14     0     0    -4.0   54.918  -70.497    299.5    921.5    270.9    264.6      0.0    452.4     76.6      1.7      1.7
    486.3    373.6
     1     1    72     5    12    13     0     0    -5.0   55.042  -70.445    320.7    919.6    270.4    263.9      0.0    354.1     72.3      1.5      1.5
    482.1    315.9
     1     1    72     5    12    12     0     0    -6.0   55.168  -70.377    339.3    918.3    269.9    263.4      0.0    261.2     68.1      1.4      1.4
    475.8    246.8
     1     1    72     5    12    11     0     0    -7.0   55.296  -70.305    355.0    917.2    270.0    263.4      0.0    268.9     69.0      1.4      1.4
    468.6    171.0
     1     1    72     5    12    10     0     0    -8.0   55.421  -70.236    367.3    916.4    270.2    263.5      0.0    275.7     70.1      1.4      1.4
    462.4     93.8
     1     1    72     5    12     9     0     0    -9.0   55.542  -70.170    376.1    916.1    270.3    263.6      0.0    281.8     71.5      1.5      1.5
    456.3     20.2
     1     1    72     5    12     8     0     0   -10.0   55.659  -70.107    381.4    915.9    270.3    263.6      0.0    287.0     73.0      1.5      1.5
    450.4      0.0
     1     1    72     5    12     7     0     0   -11.0   55.769  -70.046    383.1    916.2    270.4    263.7      0.0    291.4     74.7      1.5      1.5
    444.7      0.0
     1     1    72     5    12     6     0     0   -12.0   55.873  -69.987    381.3    917.0    270.4    263.8      0.0    295.1     76.5      1.6      1.6
    439.3      0.0
     1     1    72     5    12     5     0     0   -13.0   55.971  -69.932    379.3    918.5    270.8    264.3      0.0    401.0     76.6      1.6      1.6
    433.2      0.0
     1     1    72     5    12     4     0     0   -14.0   56.064  -69.883    380.6    919.2    271.2    264.8      0.0    503.5     76.4      1.7      1.7
    427.1      0.0
     1     1    72     5    12     3     0     0   -15.0   56.152  -69.841    385.1    919.5    271.6    265.2      0.0    603.2     75.9      1.7      1.7
    421.2      0.0
     1     1    72     5    12     2     0     0   -16.0   56.235  -69.805    393.1    919.4    272.1    265.6      0.0    700.5     75.2      1.8      1.8
    415.4      0.0
     1     1    72     5    12     1     0     0   -17.0   56.314  -69.775    404.7    918.7    272.5    266.0      0.0    795.9     74.3      1.8      1.8
    410.0      0.0
     1     1    72     5    12     0     0     0   -18.0   56.388  -69.750    420.0    917.6    272.9    266.3      0.0    889.9     73.2      1.8      1.8
    404.7     37.4
     1     1    72     5    11    23     0     0   -19.0   56.451  -69.725    436.2    916.0    273.0    266.2      0.0    889.4     74.7      1.9      1.9
    394.2    111.0
     1     1    72     5    11    22     0     0   -20.0   56.502  -69.693    450.1    914.9    273.1    266.2      0.0    888.3     76.4      1.9      1.9
    390.8    186.5
     1     1    72     5    11    21     0     0   -21.0   56.538  -69.654    461.7    914.0    273.2    266.2      0.0    886.8     78.3      2.0      2.0
    388.5    258.8
     1     1    72     5    11    20     0     0   -22.0   56.561  -69.608    470.7    913.3    273.3    266.3      0.0    885.1     80.3      2.0      2.0
    387.4    323.1
     1     1    72     5    11    19     0     0   -23.0   56.570  -69.555    477.3    912.7    273.4    266.3      0.0    883.5     82.4      2.1      2.1
    387.4    375.2
     1     1    72     5    11    18     0     0   -24.0   56.565  -69.494    481.6    912.3    273.5    266.4      0.0    882.4     84.6      2.1      2.2
    388.6    411.5
