     3     1
    CDC1    72     4     1     0     0
    CDC1    72     5     1     0     0
    CDC1    72     6     1     0     0
     1 BACKWARD OMEGA   
    72     5    11    18   54.450  -70.500   200.0
    10 PRESSURE THETA    AIR_TEMP RAINFALL MIXDEPTH RELHUMID SPCHUMID H2OMIXRA TERR_MSL SUN_FLUX
     1     1    72     5    11    18     0     0     0.0   54.450  -70.500    200.0    932.2    275.6    270.1      0.0    901.2     88.1      2.9      2.9
    501.0    850.4
     1     1    72     5    11    17     0     0    -1.0   54.446  -70.431    210.4    930.5    275.0    269.4      0.0    795.5     86.5      2.7      2.7
    503.3    885.1
     1     1    72     5    11    16     0     0    -2.0   54.447  -70.360    221.1    928.9    274.4    268.7      0.0    687.6     84.8      2.5      2.5
    505.5    879.6
     1     1    72     5    11    15     0     0    -3.0   54.453  -70.285    231.8    927.2    273.9    268.0      0.0    579.2     83.1      2.3      2.3
    507.6    833.4
     1     1    72     5    11    14     0     0    -4.0   54.464  -70.208    242.7    925.6    273.4    267.4      0.0    470.2     81.4      2.2      2.2
    509.6    749.7
     1     1    72     5    11    13     0     0    -5.0   54.481  -70.130    253.6    924.1    272.9    266.8      0.0    360.4     79.7      2.1      2.1
    511.4    634.1
     1     1    72     5    11    12     0     0    -6.0   54.505  -70.050    264.3    922.6    272.5    266.3      0.0    250.0     78.1      1.9      2.0
    513.0    494.5
     1     1    72     5    11    11     0     0    -7.0   54.521  -69.965    273.4    921.1    272.6    266.3      0.0    250.0     78.4      2.0      2.0
    522.0    340.4
     1     1    72     5    11    10     0     0    -8.0   54.517  -69.870    279.5    920.0    272.7    266.2      0.0    250.0     78.5      1.9      2.0
    524.4    182.1
     1     1    72     5    11     9     0     0    -9.0   54.493  -69.766    282.5    919.3    272.7    266.2      0.0    250.0     78.8      1.9      2.0
    528.0     30.0
     1     1    72     5    11     8     0     0   -10.0   54.448  -69.652    282.4    918.7    272.7    266.1      0.0    250.0     79.2      2.0      2.0
    532.4      0.0
     1     1    72     5    11     7     0     0   -11.0   54.382  -69.531    279.5    918.4    272.7    266.1      0.0    250.0     79.7      2.0      2.0
    537.8      0.0
     1     1    72     5    11     6     0     0   -12.0   54.296  -69.400    274.0    918.4    272.7    266.2      0.0    250.0     80.3      2.0      2.0
    543.9      0.0
     1     1    72     5    11     5     0     0   -13.0   54.207  -69.272    269.8    918.9    273.0    266.5      0.0    318.8     79.4      2.0      2.0
    551.9      0.0
     1     1    72     5    11     4     0     0   -14.0   54.131  -69.157    270.5    918.5    273.4    266.8      0.0    388.9     78.2      2.0      2.0
    556.5      0.0
     1     1    72     5    11     3     0     0   -15.0   54.070  -69.057    275.8    917.7    273.8    267.1      0.0    459.9     76.8      2.0      2.0
    560.3      0.0
     1     1    72     5    11     2     0     0   -16.0   54.025  -68.972    285.4    916.4    274.1    267.3      0.0    531.2     75.3      2.0      2.0
    563.3      0.0
     1     1    72     5    11     1     0     0   -17.0   53.994  -68.904    299.5    914.8    274.4    267.5      0.0    602.3     73.8      2.0      2.0
    565.4      0.0
     1     1    72     5    11     0     0     0   -18.0   53.978  -68.852    317.9    912.9    274.7    267.6      0.0    672.3     72.2      2.0      2.0
    566.8     40.3
     1     1    72     5    10    23     0     0   -19.0   53.961  -68.808    337.1    910.6    274.5    267.2      0.0    737.5     74.0      2.0      2.0
    565.2    195.8
     1     1    72     5    10    22     0     0   -20.0   53.925  -68.763    353.4    909.0    274.2    266.9      0.0    806.2     76.1      2.0      2.0
    567.1    356.5
     1     1    72     5    10    21     0     0   -21.0   53.873  -68.717    366.8    907.6    274.0    266.5      0.1    878.3     78.5      2.0      2.0
    569.5    511.9
     1     1    72     5    10    20     0     0   -22.0   53.802  -68.671    377.0    906.5    273.8    266.2      0.1    953.4     81.0      2.0      2.0
    572.5    651.6
     1     1    72     5    10    19     0     0   -23.0   53.713  -68.625    384.1    905.5    273.6    265.9      0.2   1031.5     83.8      2.1      2.1
    576.0    766.1
     1     1    72     5    10    18     0     0   -24.0   53.604  -68.579    387.9    904.8    273.4    265.6      0.2   1112.1     86.9      2.1      2.1
    580.1    847.7
