     3     1
    CDC1    72     4     1     0     0
    CDC1    72     5     1     0     0
    CDC1    72     6     1     0     0
     1 BACKWARD OMEGA   
    72     5    18    18   54.450  -70.500   200.0
    10 PRESSURE THETA    AIR_TEMP RAINFALL MIXDEPTH RELHUMID SPCHUMID H2OMIXRA TERR_MSL SUN_FLUX
     1     1    72     5    18    18     0     0     0.0   54.450  -70.500    200.0    943.3    272.3    267.8      0.0    349.4     95.1      2.6      2.6
    497.6    869.3
     1     1    72     5    18    17     0     0    -1.0   54.627  -70.487    229.2    940.0    271.8    267.0      0.0    340.4     94.2      2.4      2.4
    490.3    901.7
     1     1    72     5    18    16     0     0    -2.0   54.834  -70.458    260.7    936.5    271.2    266.1      0.0    329.4     93.1      2.3      2.3
    482.1    893.8
     1     1    72     5    18    15     0     0    -3.0   55.078  -70.418    294.1    933.4    270.6    265.3      0.0    319.2     91.5      2.1      2.1
    471.2    845.7
     1     1    72     5    18    14     0     0    -4.0   55.361  -70.382    328.3    931.1    270.1    264.6      0.0    314.8     88.9      1.9      1.9
    454.5    761.3
     1     1    72     5    18    13     0     0    -5.0   55.683  -70.369    361.6    929.5    269.4    263.8      0.0    307.6     85.2      1.7      1.7
    434.5    647.0
     1     1    72     5    18    12     0     0    -6.0   56.042  -70.394    393.5    928.2    268.6    262.9      0.0    295.6     79.3      1.5      1.5
    411.0    510.9
     1     1    72     5    18    11     0     0    -7.0   56.415  -70.473    422.0    926.3    268.9    263.1      0.0    299.7     75.4      1.5      1.5
    378.8    363.1
     1     1    72     5    18    10     0     0    -8.0   56.783  -70.599    446.0    925.6    269.0    263.1      0.0    297.0     72.2      1.4      1.4
    350.0    213.8
     1     1    72     5    18     9     0     0    -9.0   57.150  -70.754    466.5    925.6    268.9    263.0      0.0    289.0     69.0      1.3      1.3
    321.4     73.8
     1     1    72     5    18     8     0     0   -10.0   57.518  -70.924    484.6    926.0    268.7    262.9      0.0    277.1     65.4      1.2      1.2
    293.7      0.0
     1     1    72     5    18     7     0     0   -11.0   57.890  -71.113    501.5    925.3    268.8    262.9      0.0    260.1     65.2      1.2      1.2
    274.1      0.0
     1     1    72     5    18     6     0     0   -12.0   58.265  -71.333    518.6    924.4    268.7    262.8      0.0    250.0     65.4      1.2      1.2
    257.1      0.0
     1     1    72     5    18     5     0     0   -13.0   58.628  -71.600    539.0    923.7    268.6    262.6      0.0    290.2     68.7      1.3      1.3
    241.2      0.0
     1     1    72     5    18     4     0     0   -14.0   58.973  -71.923    565.6    921.5    268.5    262.3      0.0    341.5     71.4      1.3      1.3
    233.9      0.0
     1     1    72     5    18     3     0     0   -15.0   59.309  -72.302    598.7    917.9    268.4    261.9      0.0    403.6     73.7      1.3      1.3
    232.7      0.0
     1     1    72     5    18     2     0     0   -16.0   59.643  -72.738    639.0    913.8    268.3    261.4      0.0    478.6     76.5      1.3      1.3
    228.9      0.0
     1     1    72     5    18     1     0     0   -17.0   59.978  -73.235    686.2    908.8    268.2    260.9      0.0    560.8     78.5      1.3      1.3
    220.6     37.6
     1     1    72     5    18     0     0     0   -18.0   60.322  -73.791    738.7    902.4    268.3    260.6      0.0    593.2     81.2      1.3      1.3
    216.6    167.9
     1     1    72     5    17    23     0     0   -19.0   60.672  -74.418    790.8    895.4    268.5    260.2      0.0    583.8     80.2      1.3      1.3
    213.8    307.3
     1     1    72     5    17    22     0     0   -20.0   61.012  -75.120    837.5    890.1    268.6    259.8      0.0    596.3     79.2      1.2      1.2
    209.8    445.3
     1     1    72     5    17    21     0     0   -21.0   61.335  -75.888    877.8    888.5    268.5    259.6      0.0    600.0     77.7      1.2      1.2
    179.1    571.9
     1     1    72     5    17    20     0     0   -22.0   61.632  -76.711    909.7    888.5    268.3    259.3      0.0    595.0     78.3      1.2      1.2
    145.7    677.8
     1     1    72     5    17    19     0     0   -23.0   61.904  -77.579    932.8    889.7    267.9    259.1      0.0    572.6     80.6      1.2      1.2
    109.9    755.5
     1     1    72     5    17    18     0     0   -24.0   62.148  -78.481    947.4    892.7    267.6    259.1      0.0    532.1     81.0      1.2      1.2
     69.9    799.6
