     3     1
    CDC1    72     4     1     0     0
    CDC1    72     5     1     0     0
    CDC1    72     6     1     0     0
     1 BACKWARD OMEGA   
    72     4    27    18   54.450  -70.500   200.0
    10 PRESSURE THETA    AIR_TEMP RAINFALL MIXDEPTH RELHUMID SPCHUMID H2OMIXRA TERR_MSL SUN_FLUX
     1     1    72     4    27    18     0     0     0.0   54.450  -70.500    200.0    943.1    273.5    269.0      0.0    914.1     93.8      2.8      2.8
    510.4    401.4
     1     1    72     4    27    17     0     0    -1.0   54.442  -70.395    208.8    941.7    272.7    268.1      0.0    804.8     91.7      2.6      2.6
    513.8    418.6
     1     1    72     4    27    16     0     0    -2.0   54.449  -70.278    218.9    940.1    271.9    267.2      0.0    693.8     89.3      2.3      2.3
    517.0    415.5
     1     1    72     4    27    15     0     0    -3.0   54.470  -70.148    230.4    938.3    271.2    266.3      0.0    582.8     86.6      2.1      2.1
    520.0    391.6
     1     1    72     4    27    14     0     0    -4.0   54.507  -70.002    243.3    936.4    270.6    265.6      0.0    471.8     83.4      1.9      1.9
    522.9    348.9
     1     1    72     4    27    13     0     0    -5.0   54.557  -69.840    257.6    934.5    270.0    264.8      0.0    362.8     79.9      1.8      1.8
    524.3    290.1
     1     1    72     4    27    12     0     0    -6.0   54.622  -69.660    273.2    932.5    269.5    264.1      0.0    252.6     76.2      1.6      1.6
    525.7    219.4
     1     1    72     4    27    11     0     0    -7.0   54.693  -69.467    288.0    930.1    269.7    264.2      0.0    252.7     77.8      1.6      1.6
    522.6    141.6
     1     1    72     4    27    10     0     0    -8.0   54.764  -69.263    299.4    928.3    269.9    264.2      0.0    252.3     79.6      1.7      1.7
    524.8     62.0
     1     1    72     4    27     9     0     0    -9.0   54.834  -69.053    306.9    926.9    270.0    264.2      0.0    251.6     81.7      1.7      1.7
    527.3      0.0
     1     1    72     4    27     8     0     0   -10.0   54.903  -68.837    310.0    926.0    270.1    264.2      0.0    250.8     84.0      1.8      1.8
    530.1      0.0
     1     1    72     4    27     7     0     0   -11.0   54.970  -68.617    308.5    925.6    270.1    264.2      0.0    250.1     86.6      1.8      1.8
    533.3      0.0
     1     1    72     4    27     6     0     0   -12.0   55.034  -68.398    302.4    925.9    270.0    264.2      0.0    250.0     89.5      1.9      1.9
    534.7      0.0
     1     1    72     4    27     5     0     0   -13.0   55.105  -68.185    294.1    927.1    270.3    264.5      0.0    256.5     89.9      1.9      1.9
    538.2      0.0
     1     1    72     4    27     4     0     0   -14.0   55.194  -67.984    286.3    928.1    270.5    264.8      0.0    261.0     90.0      2.0      2.0
    536.1      0.0
     1     1    72     4    27     3     0     0   -15.0   55.300  -67.797    279.0    929.4    270.8    265.2      0.0    264.5     89.9      2.0      2.0
    531.8      0.0
     1     1    72     4    27     2     0     0   -16.0   55.424  -67.624    272.3    930.7    271.0    265.5      0.0    268.2     89.4      2.1      2.1
    525.2      0.0
     1     1    72     4    27     1     0     0   -17.0   55.565  -67.466    266.4    932.4    271.2    265.9      0.0    274.1     88.7      2.1      2.1
    515.0      0.0
     1     1    72     4    27     0     0     0   -18.0   55.723  -67.324    261.6    934.7    271.4    266.2      0.0    284.9     87.8      2.1      2.2
    499.0      0.0
     1     1    72     4    26    23     0     0   -19.0   55.883  -67.205    257.6    936.9    271.4    266.4      0.0    329.9     89.3      2.2      2.2
    472.4     64.4
     1     1    72     4    26    22     0     0   -20.0   56.029  -67.111    254.1    938.9    271.3    266.5      0.0    366.9     90.9      2.3      2.3
    458.2    142.4
     1     1    72     4    26    21     0     0   -21.0   56.164  -67.041    250.8    940.8    271.3    266.6      0.0    397.2     92.6      2.3      2.3
    445.1    217.6
     1     1    72     4    26    20     0     0   -22.0   56.290  -66.993    247.7    942.5    271.3    266.8      0.0    421.5     94.5      2.4      2.4
    433.0    285.2
     1     1    72     4    26    19     0     0   -23.0   56.408  -66.964    244.7    944.0    271.4    266.9      0.0    440.7     96.5      2.5      2.5
    421.7    340.5
     1     1    72     4    26    18     0     0   -24.0   56.519  -66.952    241.6    945.6    271.4    267.1      0.0    455.3     98.7      2.5      2.6
    411.2    379.8
