     3     1
    CDC1    72     4     1     0     0
    CDC1    72     5     1     0     0
    CDC1    72     6     1     0     0
     1 BACKWARD OMEGA   
    72     5    20    18   54.450  -70.500   200.0
    10 PRESSURE THETA    AIR_TEMP RAINFALL MIXDEPTH RELHUMID SPCHUMID H2OMIXRA TERR_MSL SUN_FLUX
     1     1    72     5    20    18     0     0     0.0   54.450  -70.500    200.0    927.5    283.3    277.3      0.0    402.4     89.7      4.9      5.0
    496.9    437.1
     1     1    72     5    20    17     0     0    -1.0   54.488  -70.782    181.4    931.0    282.2    276.5      0.0    378.3     90.9      4.7      4.7
    486.5    454.1
     1     1    72     5    20    16     0     0    -2.0   54.535  -71.059    168.2    933.8    281.1    275.6      0.0    354.0     92.1      4.5      4.5
    475.5    450.3
     1     1    72     5    20    15     0     0    -3.0   54.589  -71.329    159.3    936.2    280.0    274.8      0.0    330.4     93.4      4.3      4.3
    464.2    425.6
     1     1    72     5    20    14     0     0    -4.0   54.648  -71.589    153.7    938.3    278.9    273.9      0.0    307.5     94.8      4.0      4.1
    452.7    381.8
     1     1    72     5    20    13     0     0    -5.0   54.710  -71.837    150.6    940.3    277.9    273.0      0.0    284.7     96.1      3.8      3.9
    441.3    322.1
     1     1    72     5    20    12     0     0    -6.0   54.773  -72.072    149.4    942.1    276.8    272.1      0.0    261.5     97.5      3.6      3.7
    430.1    250.9
     1     1    72     5    20    11     0     0    -7.0   54.836  -72.320    147.8    943.3    277.1    272.5      0.0    258.3     97.3      3.8      3.8
    421.9    173.1
     1     1    72     5    20    10     0     0    -8.0   54.900  -72.605    144.2    945.3    277.4    273.0      0.0    254.9     97.1      3.9      3.9
    407.4     94.0
     1     1    72     5    20     9     0     0    -9.0   54.966  -72.926    138.9    948.0    277.6    273.4      0.0    251.6     96.6      3.9      4.0
    388.7     19.3
     1     1    72     5    20     8     0     0   -10.0   55.036  -73.281    132.5    951.0    277.9    273.9      0.0    250.6     96.1      4.0      4.1
    368.3      0.0
     1     1    72     5    20     7     0     0   -11.0   55.112  -73.670    125.1    954.3    278.1    274.4      0.0    251.0     95.7      4.2      4.2
    346.2      0.0
     1     1    72     5    20     6     0     0   -12.0   55.193  -74.091    117.2    958.0    278.3    274.9      0.0    250.0     95.1      4.3      4.3
    322.7      0.0
     1     1    72     5    20     5     0     0   -13.0   55.273  -74.530    109.3    961.6    278.4    275.3      0.0    250.0     93.8      4.3      4.4
    301.0      0.0
     1     1    72     5    20     4     0     0   -14.0   55.350  -74.973    102.0    965.2    278.7    275.9      0.0    250.0     93.2      4.5      4.5
    276.5      0.0
     1     1    72     5    20     3     0     0   -15.0   55.431  -75.423     95.3    969.6    278.8    276.3      0.0    250.0     93.1      4.6      4.6
    244.6      0.0
     1     1    72     5    20     2     0     0   -16.0   55.524  -75.882     89.2    974.1    278.9    276.8      0.0    250.0     93.6      4.7      4.8
    211.7      0.0
     1     1    72     5    20     1     0     0   -17.0   55.634  -76.353     84.0    978.6    279.0    277.3      0.0    250.0     94.7      4.9      5.0
    178.1     10.7
     1     1    72     5    20     0     0     0   -18.0   55.767  -76.836     79.8    983.1    279.2    277.8      0.0    250.0     96.3      5.2      5.2
    143.7     84.4
     1     1    72     5    19    23     0     0   -19.0   55.893  -77.333     76.0    986.7    278.8    277.7      0.4    250.0     97.5      5.2      5.2
    123.7    162.8
     1     1    72     5    19    22     0     0   -20.0   55.976  -77.840     71.1    989.2    278.8    277.9      0.4    250.0     98.2      5.3      5.3
     98.8    240.2
     1     1    72     5    19    21     0     0   -21.0   56.020  -78.359     64.3    991.3    279.0    278.3      0.4    250.0     98.6      5.4      5.5
     77.4    311.3
     1     1    72     5    19    20     0     0   -22.0   56.034  -78.895     56.4    993.5    279.3    278.8      0.2    250.0     98.7      5.6      5.7
     56.1    371.1
     1     1    72     5    19    19     0     0   -23.0   56.028  -79.457     48.4    995.7    279.8    279.4      0.2    250.0     98.7      5.9      5.9
     33.9    415.3
     1     1    72     5    19    18     0     0   -24.0   56.014  -80.056     41.3    997.8    280.5    280.3      0.2    250.0     98.4      6.2      6.2
     12.3    440.5
