     3     1
    CDC1    72     4     1     0     0
    CDC1    72     5     1     0     0
    CDC1    72     6     1     0     0
     1 BACKWARD OMEGA   
    72     5     6    18   54.450  -70.500   200.0
    10 PRESSURE THETA    AIR_TEMP RAINFALL MIXDEPTH RELHUMID SPCHUMID H2OMIXRA TERR_MSL SUN_FLUX
     1     1    72     5     6    18     0     0     0.0   54.450  -70.500    200.0    929.0    270.0    264.4      0.1    750.0     97.0      2.1      2.1
    494.0    417.4
     1     1    72     5     6    17     0     0    -1.0   54.484  -70.714    212.6    927.8    269.5    263.7      0.1    677.6     96.7      2.0      2.0
    486.8    434.7
     1     1    72     5     6    16     0     0    -2.0   54.524  -70.951    222.5    927.4    268.9    263.2      0.1    607.2     96.5      1.9      1.9
    478.5    431.0
     1     1    72     5     6    15     0     0    -3.0   54.570  -71.211    229.6    927.6    268.3    262.6      0.1    541.1     96.5      1.8      1.8
    469.4    406.0
     1     1    72     5     6    14     0     0    -4.0   54.624  -71.490    234.0    928.2    267.7    262.0      0.1    480.2     96.6      1.7      1.7
    459.3    361.3
     1     1    72     5     6    13     0     0    -5.0   54.686  -71.788    235.7    929.4    267.0    261.5      0.1    425.6     97.0      1.7      1.7
    448.2    300.3
     1     1    72     5     6    12     0     0    -6.0   54.758  -72.102    235.0    931.0    266.3    260.9      0.1    378.3     97.7      1.6      1.6
    436.1    227.2
     1     1    72     5     6    11     0     0    -7.0   54.835  -72.414    232.0    932.9    266.2    261.0      0.1    357.7     98.4      1.6      1.6
    420.4    147.4
     1     1    72     5     6    10     0     0    -8.0   54.913  -72.706    226.8    935.7    266.2    261.2      0.1    328.7     98.7      1.6      1.6
    403.8     66.7
     1     1    72     5     6     9     0     0    -9.0   54.990  -72.979    219.6    938.8    266.1    261.3      0.1    302.0     98.9      1.6      1.7
    387.2      0.0
     1     1    72     5     6     8     0     0   -10.0   55.064  -73.237    210.7    942.1    266.1    261.5      0.1    281.0     98.9      1.7      1.7
    371.6      0.0
     1     1    72     5     6     7     0     0   -11.0   55.136  -73.482    200.5    945.5    266.0    261.8      0.1    265.9     99.0      1.7      1.7
    356.8      0.0
     1     1    72     5     6     6     0     0   -12.0   55.206  -73.719    189.2    948.6    266.0    262.0      0.1    255.5     99.2      1.7      1.7
    342.6      0.0
     1     1    72     5     6     5     0     0   -13.0   55.275  -73.954    179.3    952.0    266.2    262.5      0.1    281.1     99.0      1.8      1.8
    329.4      0.0
     1     1    72     5     6     4     0     0   -14.0   55.346  -74.194    172.7    954.8    266.5    263.0      0.1    308.5     98.9      1.8      1.9
    315.0      0.0
     1     1    72     5     6     3     0     0   -15.0   55.418  -74.438    168.8    957.3    266.7    263.4      0.1    338.0     98.7      1.9      1.9
    300.5      0.0
     1     1    72     5     6     2     0     0   -16.0   55.493  -74.685    167.3    959.5    267.0    263.8      0.1    370.1     98.5      2.0      2.0
    285.9      0.0
     1     1    72     5     6     1     0     0   -17.0   55.571  -74.935    167.9    961.6    267.2    264.2      0.1    405.4     98.3      2.0      2.0
    271.2      0.0
     1     1    72     5     6     0     0     0   -18.0   55.655  -75.187    170.5    963.8    267.4    264.6      0.1    453.5     98.1      2.1      2.1
    253.5     48.2
     1     1    72     5     5    23     0     0   -19.0   55.748  -75.440    173.0    965.9    267.5    264.8      0.0    466.4     97.7      2.1      2.1
    225.9    126.8
     1     1    72     5     5    22     0     0   -20.0   55.845  -75.695    172.7    968.5    267.5    265.1      0.0    471.0     97.2      2.1      2.1
    207.9    205.1
     1     1    72     5     5    21     0     0   -21.0   55.946  -75.951    169.3    971.4    267.5    265.3      0.0    467.9     96.8      2.1      2.1
    190.3    277.8
     1     1    72     5     5    20     0     0   -22.0   56.049  -76.211    162.4    974.6    267.5    265.5      0.0    457.8     96.5      2.1      2.2
    173.0    339.6
     1     1    72     5     5    19     0     0   -23.0   56.154  -76.473    151.8    978.2    267.5    265.8      0.0    441.6     96.2      2.2      2.2
    156.0    386.3
     1     1    72     5     5    18     0     0   -24.0   56.260  -76.739    137.1    982.2    267.4    266.0      0.0    420.2     96.1      2.2      2.2
    139.5    414.7
