     3     1
    CDC1    72     4     1     0     0
    CDC1    72     5     1     0     0
    CDC1    72     6     1     0     0
     1 BACKWARD OMEGA   
    72     6     2    18   54.450  -70.500   200.0
    10 PRESSURE THETA    AIR_TEMP RAINFALL MIXDEPTH RELHUMID SPCHUMID H2OMIXRA TERR_MSL SUN_FLUX
     1     1    72     6     2    18     0     0     0.0   54.450  -70.500    200.0    925.8    287.7    281.4      0.0    424.3     89.1      6.5      6.6
    504.0    449.5
     1     1    72     6     2    17     0     0    -1.0   54.363  -70.210    209.0    923.5    287.0    280.5      0.0    372.7     89.5      6.2      6.2
    516.7    466.2
     1     1    72     6     2    16     0     0    -2.0   54.294  -69.909    215.5    921.9    286.3    279.7      0.0    332.3     89.9      5.9      5.9
    527.9    463.8
     1     1    72     6     2    15     0     0    -3.0   54.242  -69.602    219.4    920.9    285.7    279.0      0.0    306.3     89.9      5.6      5.6
    535.5    442.0
     1     1    72     6     2    14     0     0    -4.0   54.204  -69.292    220.8    920.3    285.0    278.3      0.0    284.1     90.0      5.3      5.4
    542.5    402.3
     1     1    72     6     2    13     0     0    -5.0   54.181  -68.984    219.7    920.1    284.3    277.6      0.0    265.3     90.1      5.1      5.1
    548.9    347.3
     1     1    72     6     2    12     0     0    -6.0   54.174  -68.676    216.3    920.3    283.6    276.9      0.0    250.0     90.2      4.9      4.9
    554.7    280.5
     1     1    72     6     2    11     0     0    -7.0   54.169  -68.373    212.0    920.3    283.5    276.9      0.0    250.0     91.5      4.9      5.0
    557.9    206.4
     1     1    72     6     2    10     0     0    -8.0   54.153  -68.075    207.9    920.0    283.6    276.9      0.0    250.0     92.6      5.0      5.0
    564.8    129.7
     1     1    72     6     2     9     0     0    -9.0   54.124  -67.784    204.1    919.6    283.6    276.9      0.0    250.0     93.4      5.0      5.1
    571.8     55.5
     1     1    72     6     2     8     0     0   -10.0   54.080  -67.502    200.6    919.1    283.7    276.9      0.0    250.0     94.2      5.1      5.1
    578.8      0.0
     1     1    72     6     2     7     0     0   -11.0   54.017  -67.236    197.2    919.4    283.7    277.0      0.0    250.0     94.6      5.1      5.2
    578.4      0.0
     1     1    72     6     2     6     0     0   -12.0   53.934  -66.994    193.3    919.7    283.8    277.1      0.0    250.0     95.0      5.2      5.2
    578.5      0.0
     1     1    72     6     2     5     0     0   -13.0   53.838  -66.776    187.9    920.1    283.8    277.1      0.0    250.0     95.9      5.2      5.3
    581.7      0.0
     1     1    72     6     2     4     0     0   -14.0   53.737  -66.582    180.2    920.8    283.7    277.1      0.1    250.0     96.8      5.3      5.3
    582.3      0.0
     1     1    72     6     2     3     0     0   -15.0   53.632  -66.407    170.3    921.8    283.6    277.1      0.1    250.0     97.7      5.3      5.4
    583.1      0.0
     1     1    72     6     2     2     0     0   -16.0   53.525  -66.245    158.0    923.0    283.5    277.1      1.0    250.0     98.5      5.4      5.4
    583.9      0.0
     1     1    72     6     2     1     0     0   -17.0   53.418  -66.091    143.5    924.5    283.4    277.1      1.0    250.0     99.2      5.4      5.4
    584.6      0.0
     1     1    72     6     2     0     0     0   -18.0   53.312  -65.937    127.3    926.3    283.3    277.1      1.0    250.0     99.8      5.4      5.5
    585.3     39.6
     1     1    72     6     1    23     0     0   -19.0   53.208  -65.776    110.0    928.7    283.3    277.3      0.2    250.0     99.2      5.4      5.5
    581.7    114.6
     1     1    72     6     1    22     0     0   -20.0   53.107  -65.599     92.7    931.4    283.2    277.5      0.2    250.0     98.7      5.5      5.5
    581.5    193.3
     1     1    72     6     1    21     0     0   -21.0   53.013  -65.403     76.4    934.2    283.1    277.6      0.2    250.0     98.2      5.5      5.5
    580.8    270.6
     1     1    72     6     1    20     0     0   -22.0   52.926  -65.188     61.8    936.2    283.0    277.7      0.2    250.0     97.8      5.5      5.5
    579.6    341.1
     1     1    72     6     1    19     0     0   -23.0   52.846  -64.956     49.4    938.3    282.9    277.8      0.2    250.0     97.6      5.5      5.5
    576.6    400.1
     1     1    72     6     1    18     0     0   -24.0   52.774  -64.708     39.1    941.3    282.7    277.8      0.2    250.0     97.3      5.5      5.5
    566.4    443.9
