     3     1
    CDC1    72     4     1     0     0
    CDC1    72     5     1     0     0
    CDC1    72     6     1     0     0
     1 BACKWARD OMEGA   
    72     4    30    18   54.450  -70.500   200.0
    10 PRESSURE THETA    AIR_TEMP RAINFALL MIXDEPTH RELHUMID SPCHUMID H2OMIXRA TERR_MSL SUN_FLUX
     1     1    72     4    30    18     0     0     0.0   54.450  -70.500    200.0    922.1    265.7    259.6      0.1    916.1     89.0      1.3      1.3
    500.5    814.0
     1     1    72     4    30    17     0     0    -1.0   54.585  -70.981    186.5    926.7    265.1    259.4      0.1    908.8     86.8      1.3      1.3
    478.5    847.5
     1     1    72     4    30    16     0     0    -2.0   54.717  -71.425    176.6    930.5    264.7    259.3      0.0    906.6     84.4      1.2      1.2
    456.8    837.3
     1     1    72     4    30    15     0     0    -3.0   54.853  -71.835    169.8    933.9    264.3    259.2      0.0    909.8     81.9      1.2      1.2
    435.8    783.6
     1     1    72     4    30    14     0     0    -4.0   54.996  -72.211    165.8    936.9    264.0    259.1      0.0    919.0     79.2      1.1      1.1
    415.1    690.9
     1     1    72     4    30    13     0     0    -5.0   55.148  -72.559    163.9    939.9    263.7    259.1      0.0    895.3     76.9      1.1      1.1
    393.9    566.3
     1     1    72     4    30    12     0     0    -6.0   55.309  -72.886    163.6    943.0    263.3    259.0      0.0    838.3     75.0      1.0      1.0
    370.6    419.1
     1     1    72     4    30    11     0     0    -7.0   55.466  -73.201    162.6    945.9    263.1    259.0      0.1    740.2     78.6      1.1      1.1
    360.8    259.9
     1     1    72     4    30    10     0     0    -8.0   55.609  -73.514    159.4    949.0    263.1    259.2      0.1    651.1     82.2      1.1      1.1
    339.1    100.0
     1     1    72     4    30     9     0     0    -9.0   55.741  -73.822    154.3    952.2    263.2    259.5      0.1    571.8     85.7      1.2      1.2
    318.7      0.0
     1     1    72     4    30     8     0     0   -10.0   55.863  -74.122    147.9    955.3    263.4    260.0      0.1    502.9     89.2      1.3      1.3
    299.6      0.0
     1     1    72     4    30     7     0     0   -11.0   55.980  -74.411    140.5    958.3    263.7    260.5      0.1    444.9     92.5      1.4      1.4
    281.8      0.0
     1     1    72     4    30     6     0     0   -12.0   56.093  -74.685    132.4    961.2    264.1    261.2      0.1    398.0     95.8      1.5      1.5
    265.1      0.0
     1     1    72     4    30     5     0     0   -13.0   56.204  -74.943    125.0    965.0    264.2    261.5      0.4    403.1     94.3      1.6      1.6
    243.0      0.0
     1     1    72     4    30     4     0     0   -14.0   56.309  -75.182    118.8    968.7    264.3    261.9      0.0    423.9     92.7      1.6      1.6
    226.1      0.0
     1     1    72     4    30     3     0     0   -15.0   56.405  -75.401    113.7    972.1    264.4    262.3      0.0    450.1     91.2      1.6      1.6
    210.4      0.0
     1     1    72     4    30     2     0     0   -16.0   56.490  -75.600    109.4    975.0    264.7    262.8      0.0    478.7     89.7      1.6      1.6
    196.6      0.0
     1     1    72     4    30     1     0     0   -17.0   56.562  -75.777    106.0    977.6    265.1    263.3      0.0    508.9     88.4      1.7      1.7
    184.6      0.0
     1     1    72     4    30     0     0     0   -18.0   56.620  -75.933    103.2    979.7    265.5    264.0      0.0    540.1     87.2      1.7      1.7
    174.6     83.5
     1     1    72     4    29    23     0     0   -19.0   56.670  -76.079    100.2    982.0    265.4    264.0      0.0    523.8     87.4      1.7      1.7
    168.7    237.1
     1     1    72     4    29    22     0     0   -20.0   56.719  -76.227     95.9    984.6    265.2    264.0      0.0    500.8     87.7      1.7      1.7
    159.6    390.1
     1     1    72     4    29    21     0     0   -21.0   56.766  -76.376     89.8    987.5    265.1    264.1      0.2    470.7     88.1      1.7      1.7
    150.5    531.8
     1     1    72     4    29    20     0     0   -22.0   56.808  -76.525     81.6    990.8    264.9    264.2      0.2    433.0     88.8      1.8      1.8
    141.8    652.6
     1     1    72     4    29    19     0     0   -23.0   56.844  -76.673     71.1    994.4    264.7    264.2      0.2    387.8     89.8      1.8      1.8
    133.3    744.0
     1     1    72     4    29    18     0     0   -24.0   56.872  -76.823     58.6    997.6    264.4    264.2      0.2    335.0     90.5      1.8      1.8
    125.0    800.0
