     3     1
    CDC1    72     4     1     0     0
    CDC1    72     5     1     0     0
    CDC1    72     6     1     0     0
     1 BACKWARD OMEGA   
    72     5    31    18   54.450  -70.500   200.0
    10 PRESSURE THETA    AIR_TEMP RAINFALL MIXDEPTH RELHUMID SPCHUMID H2OMIXRA TERR_MSL SUN_FLUX
     1     1    72     5    31    18     0     0     0.0   54.450  -70.500    200.0    929.4    279.0    273.2      0.0    848.9     74.0      3.0      3.0
    509.1    896.0
     1     1    72     5    31    17     0     0    -1.0   54.477  -70.267    213.5    927.1    277.9    271.9      0.0    769.5     74.9      2.8      2.8
    514.7    928.4
     1     1    72     5    31    16     0     0    -2.0   54.530  -70.025    228.7    924.6    276.8    270.7      0.0    690.7     75.2      2.6      2.6
    519.7    922.4
     1     1    72     5    31    15     0     0    -3.0   54.612  -69.779    245.6    922.4    275.8    269.5      0.0    608.5     75.0      2.4      2.4
    522.1    877.4
     1     1    72     5    31    14     0     0    -4.0   54.723  -69.531    263.9    920.1    274.7    268.3      0.0    522.0     74.1      2.1      2.1
    523.7    796.9
     1     1    72     5    31    13     0     0    -5.0   54.864  -69.286    283.3    917.7    273.7    267.0      0.0    429.8     72.5      1.9      1.9
    524.8    686.4
     1     1    72     5    31    12     0     0    -6.0   55.035  -69.047    303.2    915.6    272.7    265.9      0.0    332.9     70.5      1.7      1.7
    523.7    553.6
     1     1    72     5    31    11     0     0    -7.0   55.218  -68.852    321.0    914.1    273.0    266.0      0.0    332.3     70.7      1.7      1.7
    509.5    407.4
     1     1    72     5    31    10     0     0    -8.0   55.394  -68.728    334.8    913.6    273.1    266.2      0.0    333.7     71.6      1.8      1.8
    498.0    257.1
     1     1    72     5    31     9     0     0    -9.0   55.560  -68.669    344.8    913.6    273.3    266.3      0.0    334.1     73.1      1.8      1.8
    485.8    113.0
     1     1    72     5    31     8     0     0   -10.0   55.716  -68.671    351.4    914.1    273.3    266.4      0.0    332.9     75.0      1.9      1.9
    473.2      0.0
     1     1    72     5    31     7     0     0   -11.0   55.864  -68.729    355.2    914.9    273.3    266.4      0.0    330.9     77.3      2.0      2.0
    460.3      0.0
     1     1    72     5    31     6     0     0   -12.0   56.008  -68.840    356.5    916.0    273.3    266.5      0.0    330.4     80.0      2.0      2.0
    447.0      0.0
     1     1    72     5    31     5     0     0   -13.0   56.139  -68.997    357.8    917.6    273.2    266.5      0.0    435.2     82.2      2.1      2.1
    434.2      0.0
     1     1    72     5    31     4     0     0   -14.0   56.247  -69.197    361.4    918.7    273.1    266.6      0.0    541.0     84.3      2.2      2.2
    422.5      0.0
     1     1    72     5    31     3     0     0   -15.0   56.333  -69.438    366.7    919.3    273.2    266.7      0.1    646.0     86.1      2.2      2.2
    412.1      0.0
     1     1    72     5    31     2     0     0   -16.0   56.400  -69.721    373.5    919.7    273.2    266.8      0.1    748.6     87.7      2.3      2.3
    402.8      0.0
     1     1    72     5    31     1     0     0   -17.0   56.449  -70.045    381.4    919.8    273.3    266.9      0.1    844.2     89.1      2.3      2.3
    394.1     13.3
     1     1    72     5    31     0     0     0   -18.0   56.479  -70.407    390.0    920.0    273.5    267.0      0.1    920.7     90.0      2.4      2.4
    383.6    147.3
     1     1    72     5    30    23     0     0   -19.0   56.497  -70.797    397.8    920.2    273.2    266.8      0.0    921.1     90.7      2.4      2.4
    369.6    295.2
     1     1    72     5    30    22     0     0   -20.0   56.508  -71.203    403.3    920.9    273.0    266.7      0.0    921.5     91.2      2.3      2.3
    358.9    446.5
     1     1    72     5    30    21     0     0   -21.0   56.510  -71.624    406.6    922.0    272.8    266.6      0.0    921.9     91.4      2.3      2.3
    348.5    590.5
     1     1    72     5    30    20     0     0   -22.0   56.505  -72.060    407.5    923.3    272.7    266.5      0.0    922.3     91.4      2.3      2.3
    338.3    716.8
     1     1    72     5    30    19     0     0   -23.0   56.490  -72.509    406.3    924.8    272.6    266.5      0.0    922.7     91.2      2.3      2.3
    328.1    816.2
     1     1    72     5    30    18     0     0   -24.0   56.466  -72.968    403.5    927.5    272.4    266.6      0.0    923.3     90.8      2.3      2.3
    311.6    881.7
