     3     1
    CDC1    72     4     1     0     0
    CDC1    72     5     1     0     0
    CDC1    72     6     1     0     0
     1 BACKWARD OMEGA   
    72     5     9    18   54.450  -70.500   200.0
    10 PRESSURE THETA    AIR_TEMP RAINFALL MIXDEPTH RELHUMID SPCHUMID H2OMIXRA TERR_MSL SUN_FLUX
     1     1    72     5     9    18     0     0     0.0   54.450  -70.500    200.0    938.1    269.8    264.9      0.0    915.1     88.3      1.9      1.9
    508.4    422.2
     1     1    72     5     9    17     0     0    -1.0   54.443  -70.526    198.3    938.2    269.2    264.3      0.0    842.8     84.7      1.8      1.8
    507.8    439.6
     1     1    72     5     9    16     0     0    -2.0   54.444  -70.553    196.3    938.4    268.6    263.8      0.0    768.3     81.0      1.6      1.6
    506.8    436.6
     1     1    72     5     9    15     0     0    -3.0   54.452  -70.580    193.9    938.7    268.0    263.2      0.0    693.2     77.4      1.5      1.5
    505.6    413.0
     1     1    72     5     9    14     0     0    -4.0   54.467  -70.609    191.2    939.0    267.3    262.6      0.0    617.8     73.8      1.4      1.4
    504.0    370.2
     1     1    72     5     9    13     0     0    -5.0   54.489  -70.639    188.0    939.4    266.7    262.0      0.0    542.3     70.3      1.2      1.2
    502.0    311.4
     1     1    72     5     9    12     0     0    -6.0   54.518  -70.672    184.4    939.9    266.0    261.3      0.0    466.9     67.0      1.1      1.1
    499.7    240.5
     1     1    72     5     9    11     0     0    -7.0   54.556  -70.703    180.5    940.5    265.9    261.3      0.0    431.0     72.0      1.2      1.2
    496.9    162.4
     1     1    72     5     9    10     0     0    -8.0   54.605  -70.730    176.6    941.0    265.8    261.3      0.0    395.9     77.0      1.3      1.3
    494.1     82.7
     1     1    72     5     9     9     0     0    -9.0   54.664  -70.755    172.7    941.6    265.7    261.2      0.0    361.0     81.9      1.4      1.4
    491.1      6.7
     1     1    72     5     9     8     0     0   -10.0   54.734  -70.777    168.6    942.3    265.6    261.2      0.0    325.4     86.9      1.4      1.4
    487.7      0.0
     1     1    72     5     9     7     0     0   -11.0   54.813  -70.796    164.3    943.0    265.5    261.1      0.0    288.6     91.8      1.5      1.5
    484.0      0.0
     1     1    72     5     9     6     0     0   -12.0   54.901  -70.814    159.8    943.7    265.4    261.0      0.0    250.0     96.7      1.6      1.6
    480.0      0.0
     1     1    72     5     9     5     0     0   -13.0   54.996  -70.841    155.9    944.7    265.8    261.5      0.0    361.2     96.7      1.6      1.6
    477.9      0.0
     1     1    72     5     9     4     0     0   -14.0   55.094  -70.887    153.7    945.9    266.2    262.0      0.0    472.5     96.6      1.7      1.7
    469.5      0.0
     1     1    72     5     9     3     0     0   -15.0   55.195  -70.952    153.2    946.9    266.7    262.6      0.0    583.9     96.3      1.8      1.8
    460.1      0.0
     1     1    72     5     9     2     0     0   -16.0   55.299  -71.035    154.1    947.9    267.1    263.1      0.0    695.4     96.0      1.8      1.8
    450.0      0.0
     1     1    72     5     9     1     0     0   -17.0   55.406  -71.135    156.4    948.9    267.6    263.6      0.0    807.1     95.7      1.9      1.9
    439.3      0.0
     1     1    72     5     9     0     0     0   -18.0   55.517  -71.252    160.0    949.9    268.0    264.1      0.0    919.0     95.3      1.9      2.0
    428.0     34.6
     1     1    72     5     8    23     0     0   -19.0   55.626  -71.381    163.0    950.5    268.2    264.3      0.0    979.3     94.4      2.0      2.0
    412.3    111.6
     1     1    72     5     8    22     0     0   -20.0   55.726  -71.516    163.7    951.6    268.4    264.6      0.0   1039.6     93.7      2.0      2.0
    401.7    189.8
     1     1    72     5     8    21     0     0   -21.0   55.820  -71.655    162.2    952.8    268.6    264.9      0.0   1099.9     93.1      2.0      2.0
    391.6    263.9
     1     1    72     5     8    20     0     0   -22.0   55.907  -71.798    159.0    954.2    268.8    265.2      0.0   1160.3     92.6      2.1      2.1
    381.9    328.8
     1     1    72     5     8    19     0     0   -23.0   55.987  -71.945    154.4    955.7    269.0    265.6      0.0   1220.7     92.2      2.1      2.1
    372.6    380.0
     1     1    72     5     8    18     0     0   -24.0   56.062  -72.094    148.7    957.3    269.3    265.9      0.0   1281.1     91.8      2.1      2.1
    363.6    414.1
