     3     1
    CDC1    72     4     1     0     0
    CDC1    72     5     1     0     0
    CDC1    72     6     1     0     0
     1 BACKWARD OMEGA   
    72     5    27    18   54.450  -70.500   200.0
    10 PRESSURE THETA    AIR_TEMP RAINFALL MIXDEPTH RELHUMID SPCHUMID H2OMIXRA TERR_MSL SUN_FLUX
     1     1    72     5    27    18     0     0     0.0   54.450  -70.500    200.0    934.3    284.5    279.0      0.1    425.7     96.1      5.9      6.0
    514.8    889.0
     1     1    72     5    27    17     0     0    -1.0   54.587  -70.931    182.6    938.0    284.2    279.0      0.1    432.3     95.1      5.8      5.9
    496.3    921.4
     1     1    72     5    27    16     0     0    -2.0   54.715  -71.352    169.2    940.9    283.8    278.9      0.0    424.7     94.2      5.7      5.8
    477.5    911.9
     1     1    72     5    27    15     0     0    -3.0   54.839  -71.767    158.9    943.3    283.5    278.8      0.0    402.1     93.3      5.6      5.6
    458.4    860.6
     1     1    72     5    27    14     0     0    -4.0   54.962  -72.176    151.3    945.5    283.1    278.6      0.0    363.9     92.5      5.5      5.5
    439.0    771.5
     1     1    72     5    27    13     0     0    -5.0   55.088  -72.581    145.7    947.9    282.7    278.4      0.0    309.0     92.1      5.3      5.4
    416.4    651.2
     1     1    72     5    27    12     0     0    -6.0   55.220  -72.978    141.9    950.8    281.9    277.9      0.0    250.0     92.2      5.1      5.2
    388.3    508.7
     1     1    72     5    27    11     0     0    -7.0   55.344  -73.357    137.8    954.4    281.5    277.7      0.2    250.0     93.5      5.1      5.2
    365.1    354.5
     1     1    72     5    27    10     0     0    -8.0   55.448  -73.715    132.1    957.9    281.1    277.6      0.2    250.0     94.8      5.2      5.2
    341.1    199.5
     1     1    72     5    27     9     0     0    -9.0   55.531  -74.056    125.2    961.3    280.7    277.6      0.1    250.0     96.1      5.2      5.2
    319.5     54.6
     1     1    72     5    27     8     0     0   -10.0   55.594  -74.384    117.2    964.5    280.5    277.6      0.1    250.0     97.3      5.3      5.3
    299.8      0.0
     1     1    72     5    27     7     0     0   -11.0   55.638  -74.700    108.6    967.6    280.3    277.7      0.1    250.0     98.5      5.3      5.4
    281.7      0.0
     1     1    72     5    27     6     0     0   -12.0   55.665  -75.007     99.6    970.5    280.2    277.8      0.1    250.0     99.6      5.4      5.4
    265.1      0.0
     1     1    72     5    27     5     0     0   -13.0   55.677  -75.296     91.1    974.3    280.2    278.1      0.1    250.0     96.8      5.4      5.4
    244.7      0.0
     1     1    72     5    27     4     0     0   -14.0   55.675  -75.555     83.7    977.5    280.4    278.6      0.1    250.0     94.4      5.4      5.4
    228.9      0.0
     1     1    72     5    27     3     0     0   -15.0   55.655  -75.787     77.3    980.3    280.9    279.3      0.1    250.0     92.2      5.5      5.5
    215.4      0.0
     1     1    72     5    27     2     0     0   -16.0   55.617  -75.993     71.8    982.4    281.6    280.1      0.1    250.0     90.1      5.7      5.7
    204.0      0.0
     1     1    72     5    27     1     0     0   -17.0   55.558  -76.175     67.1    984.1    282.5    281.2      0.1    250.0     88.2      6.0      6.0
    194.7     42.7
     1     1    72     5    27     0     0     0   -18.0   55.475  -76.336     63.2    985.4    283.5    282.3      0.2    250.0     86.4      6.3      6.4
    187.3    184.3
     1     1    72     5    26    23     0     0   -19.0   55.370  -76.472     59.7    986.9    283.3    282.3      0.0    250.0     87.9      6.4      6.4
    178.0    336.3
     1     1    72     5    26    22     0     0   -20.0   55.245  -76.578     56.3    988.1    283.2    282.2      0.0    250.0     89.4      6.4      6.5
    174.8    488.3
     1     1    72     5    26    21     0     0   -21.0   55.098  -76.655     53.1    989.1    283.0    282.1      0.0    250.0     90.9      6.5      6.6
    173.9    630.1
     1     1    72     5    26    20     0     0   -22.0   54.929  -76.705     50.3    989.9    282.9    282.0      0.0    250.0     91.9      6.5      6.6
    174.4    751.9
     1     1    72     5    26    19     0     0   -23.0   54.741  -76.728     48.0    990.7    282.8    282.1      0.0    250.0     92.3      6.6      6.6
    175.6    845.6
     1     1    72     5    26    18     0     0   -24.0   54.537  -76.728     46.4    991.2    282.8    282.1      0.0    250.0     92.6      6.6      6.7
    178.8    904.5
