     3     1
    CDC1    72     4     1     0     0
    CDC1    72     5     1     0     0
    CDC1    72     6     1     0     0
     1 BACKWARD OMEGA   
    72     4    24    18   54.450  -70.500   200.0
    10 PRESSURE THETA    AIR_TEMP RAINFALL MIXDEPTH RELHUMID SPCHUMID H2OMIXRA TERR_MSL SUN_FLUX
     1     1    72     4    24    18     0     0     0.0   54.450  -70.500    200.0    931.0    266.3    260.9      0.0    527.0     97.1      1.6      1.6
    492.3    395.4
     1     1    72     4    24    17     0     0    -1.0   54.646  -70.361    190.4    932.8    265.4    260.2      0.0    518.7     93.7      1.4      1.4
    488.1    411.3
     1     1    72     4    24    16     0     0    -2.0   54.836  -70.211    180.6    934.5    264.4    259.4      0.0    508.2     89.9      1.3      1.3
    484.6    406.9
     1     1    72     4    24    15     0     0    -3.0   55.019  -70.054    170.9    936.3    263.5    258.6      0.0    494.5     85.8      1.2      1.2
    481.6    382.2
     1     1    72     4    24    14     0     0    -4.0   55.194  -69.894    161.1    938.5    262.8    258.1      0.0    466.4     83.5      1.1      1.1
    475.5    339.2
     1     1    72     4    24    13     0     0    -5.0   55.361  -69.738    151.4    940.7    262.1    257.6      0.0    434.4     82.0      1.0      1.0
    469.1    280.7
     1     1    72     4    24    12     0     0    -6.0   55.521  -69.587    141.8    942.9    261.5    257.1      0.0    403.4     81.1      1.0      1.0
    462.5    210.9
     1     1    72     4    24    11     0     0    -7.0   55.668  -69.452    132.1    944.6    261.5    257.3      0.1    386.2     85.4      1.0      1.0
    459.9    134.2
     1     1    72     4    24    10     0     0    -8.0   55.796  -69.340    122.0    946.4    261.5    257.4      0.1    368.2     88.9      1.1      1.1
    452.2     55.8
     1     1    72     4    24     9     0     0    -9.0   55.908  -69.253    111.7    948.3    261.4    257.5      0.1    349.4     91.9      1.1      1.1
    445.2      0.0
     1     1    72     4    24     8     0     0   -10.0   56.003  -69.188    101.5    950.2    261.3    257.5      0.1    329.9     94.5      1.2      1.2
    438.9      0.0
     1     1    72     4    24     7     0     0   -11.0   56.083  -69.144     91.5    952.1    261.1    257.5      0.1    309.7     96.7      1.2      1.2
    433.5      0.0
     1     1    72     4    24     6     0     0   -12.0   56.147  -69.120     82.0    953.8    260.9    257.4      0.1    288.7     98.6      1.2      1.2
    428.8      0.0
     1     1    72     4    24     5     0     0   -13.0   56.210  -69.118     74.1    955.9    261.3    258.0      0.0    317.8     98.7      1.2      1.2
    423.0      0.0
     1     1    72     4    24     4     0     0   -14.0   56.285  -69.140     68.5    957.1    261.8    258.5      0.0    350.0     99.0      1.3      1.3
    417.1      0.0
     1     1    72     4    24     3     0     0   -15.0   56.372  -69.186     64.6    958.4    262.2    259.0      0.0    385.3     99.2      1.3      1.4
    409.9      0.0
     1     1    72     4    24     2     0     0   -16.0   56.470  -69.255     62.1    959.7    262.5    259.5      0.0    424.0     99.4      1.4      1.4
    401.6      0.0
     1     1    72     4    24     1     0     0   -17.0   56.581  -69.346     60.7    961.0    262.9    259.9      0.0    466.2     99.7      1.5      1.5
    392.3      0.0
     1     1    72     4    24     0     0     0   -18.0   56.703  -69.459     60.3    962.4    263.2    260.3      0.0    512.0     99.9      1.5      1.5
    382.1      0.0
     1     1    72     4    23    23     0     0   -19.0   56.825  -69.594     60.1    963.5    263.2    260.4      0.0    530.9     99.0      1.5      1.5
    369.2     71.7
     1     1    72     4    23    22     0     0   -20.0   56.934  -69.747     59.2    964.6    263.1    260.4      0.0    544.7     98.1      1.5      1.5
    358.4    149.3
     1     1    72     4    23    21     0     0   -21.0   57.033  -69.919     57.9    965.8    262.9    260.3      0.0    554.8     97.3      1.5      1.5
    348.6    223.2
     1     1    72     4    23    20     0     0   -22.0   57.121  -70.107     56.3    967.1    262.8    260.3      0.0    559.8     96.6      1.4      1.4
    338.4    288.4
     1     1    72     4    23    19     0     0   -23.0   57.200  -70.313     54.3    968.6    262.6    260.2      0.0    555.3     96.0      1.4      1.4
    327.8    340.5
     1     1    72     4    23    18     0     0   -24.0   57.270  -70.536     52.2    970.0    262.4    260.1      0.0    540.9     95.5      1.4      1.4
    317.8    375.7
