     3     1
    CDC1    72     4     1     0     0
    CDC1    72     5     1     0     0
    CDC1    72     6     1     0     0
     1 BACKWARD OMEGA   
    72     4    21    18   54.450  -70.500   200.0
    10 PRESSURE THETA    AIR_TEMP RAINFALL MIXDEPTH RELHUMID SPCHUMID H2OMIXRA TERR_MSL SUN_FLUX
     1     1    72     4    21    18     0     0     0.0   54.450  -70.500    200.0    932.7    267.9    262.6      0.0    564.5     88.7      1.7      1.7
    514.9    778.4
     1     1    72     4    21    17     0     0    -1.0   54.765  -70.753    204.3    934.9    267.4    262.3      0.0    552.5     82.9      1.5      1.5
    495.2    808.7
     1     1    72     4    21    16     0     0    -2.0   55.069  -70.989    205.5    938.0    266.8    262.0      0.0    514.6     77.4      1.4      1.4
    473.7    796.0
     1     1    72     4    21    15     0     0    -3.0   55.361  -71.206    205.7    941.8    266.1    261.6      0.0    440.3     72.5      1.2      1.2
    447.2    741.3
     1     1    72     4    21    14     0     0    -4.0   55.641  -71.403    206.0    945.2    265.3    261.1      0.0    375.3     68.1      1.1      1.1
    422.5    649.1
     1     1    72     4    21    13     0     0    -5.0   55.911  -71.581    206.4    948.3    264.5    260.5      0.0    318.8     64.3      1.0      1.0
    399.4    526.4
     1     1    72     4    21    12     0     0    -6.0   56.172  -71.740    206.9    951.2    263.7    259.9      0.0    270.5     60.8      0.9      0.9
    377.9    382.2
     1     1    72     4    21    11     0     0    -7.0   56.419  -71.882    208.3    953.7    263.6    260.0      0.0    270.6     63.6      0.9      0.9
    354.8    226.8
     1     1    72     4    21    10     0     0    -8.0   56.653  -72.011    211.5    955.5    263.5    260.1      0.0    270.1     65.6      1.0      1.0
    337.3     70.9
     1     1    72     4    21     9     0     0    -9.0   56.874  -72.132    216.6    956.9    263.5    260.2      0.0    268.4     66.7      1.0      1.0
    321.0      0.0
     1     1    72     4    21     8     0     0   -10.0   57.084  -72.252    223.8    957.9    263.6    260.3      0.0    264.9     66.9      1.0      1.0
    305.7      0.0
     1     1    72     4    21     7     0     0   -11.0   57.284  -72.375    233.4    958.4    263.7    260.5      0.0    259.3     66.1      1.0      1.0
    291.1      0.0
     1     1    72     4    21     6     0     0   -12.0   57.474  -72.506    245.7    958.4    263.9    260.7      0.0    251.3     64.0      1.0      1.0
    277.1      0.0
     1     1    72     4    21     5     0     0   -13.0   57.663  -72.623    261.3    957.2    264.5    261.3      0.0    306.3     63.0      1.0      1.0
    267.3      0.0
     1     1    72     4    21     4     0     0   -14.0   57.861  -72.702    280.6    955.2    265.2    261.7      0.0    350.8     62.1      1.1      1.1
    261.0      0.0
     1     1    72     4    21     3     0     0   -15.0   58.072  -72.743    303.7    952.8    265.8    262.1      0.0    384.9     61.3      1.1      1.1
    255.9      0.0
     1     1    72     4    21     2     0     0   -16.0   58.295  -72.750    330.8    949.9    266.3    262.4      0.0    408.7     60.6      1.1      1.1
    251.5      0.0
     1     1    72     4    21     1     0     0   -17.0   58.534  -72.725    362.0    946.7    266.7    262.6      0.0    421.8     59.7      1.1      1.1
    247.7      0.0
     1     1    72     4    21     0     0     0   -18.0   58.787  -72.676    397.4    942.8    267.1    262.6      0.0    422.8     58.3      1.1      1.1
    243.9     22.5
     1     1    72     4    20    23     0     0   -19.0   59.039  -72.609    433.4    937.7    267.2    262.3      0.0    403.0     54.5      1.0      1.0
    240.4    166.2
     1     1    72     4    20    22     0     0   -20.0   59.273  -72.526    465.2    933.7    267.2    262.0      0.0    388.8     51.3      0.9      0.9
    238.8    309.6
     1     1    72     4    20    21     0     0   -21.0   59.489  -72.428    492.1    930.7    267.2    261.7      0.0    377.9     48.4      0.8      0.8
    234.6    443.1
     1     1    72     4    20    20     0     0   -22.0   59.687  -72.315    512.8    928.7    267.1    261.5      0.0    372.7     46.2      0.8      0.8
    228.4    558.4
     1     1    72     4    20    19     0     0   -23.0   59.867  -72.186    527.0    927.7    266.8    261.2      0.0    373.5     44.7      0.7      0.7
    221.0    648.0
     1     1    72     4    20    18     0     0   -24.0   60.029  -72.040    534.3    927.5    266.6    260.9      0.0    381.4     44.3      0.7      0.7
    213.0    706.5
