year d18Ostem d18OGPP d18Oxylem d18Ovapor
  1950       22.05       22.19       -2.77      -7.054
  1951       23.23       22.50       -2.67      -7.449
  1952       23.11       22.42       -2.78      -7.823
  1953       22.92       22.06       -2.66      -7.191
  1954       23.52       22.49       -2.90      -7.782
  1955       23.31       22.31       -2.92      -7.899
  1956       22.71       21.66       -2.27      -6.409
  1957       22.50       21.37       -2.47      -6.566
  1958       20.92       20.37       -2.84      -6.576
  1959       23.74       22.94       -2.57      -7.449
  1960       21.86       21.31       -2.60      -6.995
  1961       22.74       21.81       -2.46      -6.884
  1962       22.51       21.51       -2.57      -6.966
  1963       22.73       21.61       -2.32      -6.537
  1964       22.57       21.33       -2.47      -6.750
  1965       21.02       20.56       -2.54      -6.372
  1966       21.64       20.77       -2.67      -6.987
  1967       22.28       21.57       -2.69      -7.190
  1968       22.24       21.26       -2.54      -6.930
  1969       21.27       20.57       -2.58      -6.415
  1970       22.02       21.17       -2.79      -7.013
  1971       20.92       20.39       -2.75      -6.715
  1972       22.19       21.60       -2.44      -6.578
  1973       21.67       21.18       -3.23      -7.886
  1974       22.55       21.67       -2.80      -7.552
  1975       22.54       21.42       -2.93      -7.637
  1976       23.09       21.89       -2.62      -7.154
  1977       21.45       20.82       -2.89      -7.155
  1978       23.17       22.10       -2.51      -6.996
  1979       22.98       22.23       -2.93      -7.956
  1980       22.11       21.41       -3.06      -7.714
  1981       22.49       21.96       -2.99      -7.786
  1982       22.23       21.55       -2.80      -7.245
  1983       21.79       21.35       -3.05      -7.682
  1984       21.99       21.51       -2.99      -7.559
  1985       23.24       22.01       -2.82      -7.825
  1986       22.29       22.07       -2.64      -7.170
  1987       23.43       22.21       -2.50      -7.458
  1988       23.02       22.36       -2.78      -7.663
  1989       23.59       22.63       -2.62      -7.591
  1990       23.02       22.35       -2.64      -7.383
  1991       23.13       22.22       -2.90      -7.712
  1992       22.25       21.98       -2.48      -6.547
  1993       23.59       22.59       -2.90      -8.027
  1994       22.90       21.82       -2.82      -7.447
  1995       23.22       22.51       -3.26      -8.382
  1996       23.30       22.73       -2.94      -7.789
  1997       23.54       22.45       -2.74      -7.842
  1998       22.93       22.08       -3.27      -8.705
  1999       21.94       21.65       -3.52      -8.742
  2000       22.76       22.53       -3.17      -8.335
  2001       23.34       22.65       -3.09      -8.842
  2002       23.66       22.90       -2.76      -7.922
  2003       22.13       22.05       -3.61      -8.490
  2004       22.76       22.17       -2.75      -7.394
  2005       24.13       22.93       -3.10      -8.850
  2006       23.10       22.49       -3.44      -8.907
  2007       24.00       22.98       -2.65      -8.192
  2008       22.91       22.47       -3.62      -9.369
  2009       23.84       22.92       -2.78      -8.177
  2010       23.10       22.23       -3.10      -8.391
  2011       23.51       22.71       -3.05      -8.569
  2012       23.98       22.93       -2.95      -8.641
  2013       24.26       23.03       -2.76      -8.265
