year d18Ostem d18OGPP d18Oxylem d18Ovapor
  1950       20.04       19.97       -2.77      -7.054
  1951       20.94       20.44       -2.67      -7.449
  1952       21.04       20.53       -2.78      -7.823
  1953       20.69       20.25       -2.66      -7.191
  1954       20.96       20.43       -2.90      -7.782
  1955       21.12       20.46       -2.92      -7.899
  1956       20.86       20.25       -2.27      -6.409
  1957       20.82       20.12       -2.47      -6.566
  1958       19.69       19.34       -2.84      -6.576
  1959       21.56       21.01       -2.57      -7.449
  1960       20.69       20.23       -2.60      -6.995
  1961       21.13       20.42       -2.46      -6.884
  1962       20.94       20.21       -2.57      -6.966
  1963       21.24       20.48       -2.32      -6.537
  1964       20.82       20.11       -2.47      -6.750
  1965       19.89       19.52       -2.54      -6.372
  1966       20.52       20.00       -2.67      -6.987
  1967       20.87       20.36       -2.69      -7.190
  1968       20.73       20.03       -2.54      -6.930
  1969       20.12       19.77       -2.58      -6.415
  1970       20.45       20.02       -2.79      -7.013
  1971       20.04       19.65       -2.75      -6.715
  1972       20.63       20.29       -2.44      -6.578
  1973       20.52       20.13       -3.23      -7.886
  1974       21.06       20.48       -2.80      -7.552
  1975       20.92       20.32       -2.93      -7.637
  1976       21.07       20.33       -2.62      -7.154
  1977       20.07       19.68       -2.89      -7.155
  1978       20.83       20.38       -2.51      -6.996
  1979       20.87       20.38       -2.93      -7.956
  1980       20.27       20.11       -3.06      -7.714
  1981       20.68       20.36       -2.99      -7.786
  1982       20.62       20.16       -2.80      -7.245
  1983       20.48       20.06       -3.05      -7.682
  1984       20.36       20.06       -2.99      -7.559
  1985       21.17       20.55       -2.82      -7.825
  1986       20.44       20.17       -2.64      -7.170
  1987       21.20       20.55       -2.50      -7.458
  1988       20.70       20.32       -2.78      -7.663
  1989       21.14       20.54       -2.62      -7.591
  1990       20.96       20.52       -2.64      -7.383
  1991       20.78       20.29       -2.90      -7.712
  1992       20.18       19.95       -2.48      -6.547
  1993       21.20       20.65       -2.90      -8.027
  1994       20.66       20.16       -2.82      -7.447
  1995       20.69       20.26       -3.26      -8.382
  1996       20.72       20.45       -2.94      -7.789
  1997       21.09       20.59       -2.74      -7.842
  1998       20.92       20.49       -3.27      -8.705
  1999       20.25       20.18       -3.52      -8.742
  2000       20.56       20.55       -3.17      -8.335
  2001       21.33       20.79       -3.09      -8.842
  2002       21.25       21.00       -2.76      -7.922
  2003       20.06       20.01       -3.61      -8.490
  2004       20.67       20.39       -2.75      -7.394
  2005       21.43       20.71       -3.10      -8.850
  2006       20.59       20.33       -3.44      -8.907
  2007       21.64       21.07       -2.65      -8.192
  2008       20.89       20.56       -3.62      -9.369
  2009       21.64       21.07       -2.78      -8.177
  2010       21.01       20.56       -3.10      -8.391
  2011       21.24       20.76       -3.05      -8.569
  2012       21.81       21.14       -2.95      -8.641
  2013       21.38       20.71       -2.76      -8.265
