year d18Ostem d18OGPP d18Oxylem d18Ovapor
  1950       15.68       15.85       -2.77      -7.054
  1951       16.02       15.78       -2.67      -7.449
  1952       15.88       15.66       -2.78      -7.823
  1953       15.95       15.57       -2.66      -7.191
  1954       16.37       15.87       -2.90      -7.782
  1955       16.15       15.73       -2.92      -7.899
  1956       15.61       15.22       -2.27      -6.409
  1957       15.69       15.18       -2.47      -6.566
  1958       15.33       14.99       -2.84      -6.576
  1959       16.14       15.82       -2.57      -7.449
  1960       15.20       15.02       -2.60      -6.995
  1961       15.63       15.33       -2.46      -6.884
  1962       15.61       15.24       -2.57      -6.966
  1963       15.58       15.11       -2.32      -6.537
  1964       15.64       15.10       -2.47      -6.750
  1965       15.01       14.85       -2.54      -6.372
  1966       15.19       14.82       -2.67      -6.987
  1967       15.50       15.27       -2.69      -7.190
  1968       15.42       15.09       -2.54      -6.930
  1969       15.20       14.87       -2.58      -6.415
  1970       15.64       15.23       -2.79      -7.013
  1971       15.03       14.78       -2.75      -6.715
  1972       15.45       15.22       -2.44      -6.578
  1973       15.50       15.23       -3.23      -7.886
  1974       15.64       15.30       -2.80      -7.552
  1975       15.79       15.24       -2.93      -7.637
  1976       15.98       15.47       -2.62      -7.154
  1977       15.36       15.07       -2.89      -7.155
  1978       16.01       15.52       -2.51      -6.996
  1979       15.96       15.65       -2.93      -7.956
  1980       15.73       15.35       -3.06      -7.714
  1981       15.80       15.57       -2.99      -7.786
  1982       15.64       15.31       -2.80      -7.245
  1983       15.46       15.26       -3.05      -7.682
  1984       15.61       15.38       -2.99      -7.559
  1985       15.99       15.47       -2.82      -7.825
  1986       15.51       15.64       -2.64      -7.170
  1987       15.86       15.47       -2.50      -7.458
  1988       15.94       15.77       -2.78      -7.663
  1989       16.08       15.77       -2.62      -7.591
  1990       15.85       15.66       -2.64      -7.383
  1991       16.16       15.78       -2.90      -7.712
  1992       15.64       15.65       -2.48      -6.547
  1993       16.26       15.82       -2.90      -8.027
  1994       16.04       15.50       -2.82      -7.447
  1995       16.37       16.05       -3.26      -8.382
  1996       16.31       16.07       -2.94      -7.789
  1997       16.11       15.65       -2.74      -7.842
  1998       15.98       15.63       -3.27      -8.705
  1999       15.68       15.51       -3.52      -8.742
  2000       15.97       15.92       -3.17      -8.335
  2001       15.93       15.74       -3.09      -8.842
  2002       16.16       15.79       -2.76      -7.922
  2003       16.07       16.04       -3.61      -8.490
  2004       15.86       15.63       -2.75      -7.394
  2005       16.47       16.03       -3.10      -8.850
  2006       16.28       15.95       -3.44      -8.907
  2007       16.07       15.74       -2.65      -8.192
  2008       16.09       15.91       -3.62      -9.369
  2009       16.14       15.83       -2.78      -8.177
  2010       16.03       15.64       -3.10      -8.391
  2011       16.14       15.85       -3.05      -8.569
  2012       16.23       15.85       -2.95      -8.641
  2013       16.39       16.01       -2.76      -8.265
