year d18Ostem d18OGPP d18Oxylem d18Ovapor
  1950       19.98       19.91       -2.77      -7.054
  1951       20.88       20.38       -2.67      -7.449
  1952       20.98       20.47       -2.78      -7.823
  1953       20.63       20.19       -2.66      -7.191
  1954       20.90       20.37       -2.90      -7.782
  1955       21.06       20.40       -2.92      -7.899
  1956       20.79       20.19       -2.27      -6.409
  1957       20.76       20.07       -2.47      -6.566
  1958       19.63       19.28       -2.84      -6.576
  1959       21.50       20.95       -2.57      -7.449
  1960       20.63       20.17       -2.60      -6.995
  1961       21.07       20.36       -2.46      -6.884
  1962       20.88       20.15       -2.57      -6.966
  1963       21.18       20.42       -2.32      -6.537
  1964       20.76       20.05       -2.47      -6.750
  1965       19.83       19.46       -2.54      -6.372
  1966       20.46       19.94       -2.67      -6.987
  1967       20.81       20.30       -2.69      -7.190
  1968       20.67       19.97       -2.54      -6.930
  1969       20.06       19.71       -2.58      -6.415
  1970       20.40       19.96       -2.79      -7.013
  1971       19.98       19.59       -2.75      -6.715
  1972       20.57       20.23       -2.44      -6.578
  1973       20.46       20.08       -3.23      -7.886
  1974       21.00       20.42       -2.80      -7.552
  1975       20.86       20.26       -2.93      -7.637
  1976       21.01       20.27       -2.62      -7.154
  1977       20.01       19.62       -2.89      -7.155
  1978       20.77       20.33       -2.51      -6.996
  1979       20.81       20.32       -2.93      -7.956
  1980       20.21       20.05       -3.06      -7.714
  1981       20.62       20.30       -2.99      -7.786
  1982       20.56       20.11       -2.80      -7.245
  1983       20.42       20.01       -3.05      -7.682
  1984       20.30       20.00       -2.99      -7.559
  1985       21.11       20.49       -2.82      -7.825
  1986       20.38       20.11       -2.64      -7.170
  1987       21.14       20.49       -2.50      -7.458
  1988       20.64       20.26       -2.78      -7.663
  1989       21.08       20.48       -2.62      -7.591
  1990       20.90       20.46       -2.64      -7.383
  1991       20.72       20.23       -2.90      -7.712
  1992       20.13       19.90       -2.48      -6.547
  1993       21.14       20.59       -2.90      -8.027
  1994       20.60       20.10       -2.82      -7.447
  1995       20.63       20.20       -3.26      -8.382
  1996       20.66       20.39       -2.94      -7.789
  1997       21.03       20.53       -2.74      -7.842
  1998       20.86       20.43       -3.27      -8.705
  1999       20.19       20.12       -3.52      -8.742
  2000       20.50       20.50       -3.17      -8.335
  2001       21.27       20.73       -3.09      -8.842
  2002       21.19       20.94       -2.76      -7.922
  2003       20.00       19.95       -3.61      -8.490
  2004       20.61       20.33       -2.75      -7.394
  2005       21.37       20.65       -3.10      -8.850
  2006       20.53       20.27       -3.44      -8.907
  2007       21.58       21.01       -2.65      -8.192
  2008       20.83       20.50       -3.62      -9.369
  2009       21.58       21.01       -2.78      -8.177
  2010       20.95       20.50       -3.10      -8.391
  2011       21.18       20.71       -3.05      -8.569
  2012       21.75       21.08       -2.95      -8.641
  2013       21.32       20.65       -2.76      -8.265
