year d18Ostem d18OGPP d18Oxylem d18Ovapor
  1950       18.23       18.42       -2.77      -7.054
  1951       18.59       18.33       -2.67      -7.449
  1952       18.43       18.19       -2.78      -7.823
  1953       18.52       18.10       -2.66      -7.191
  1954       18.97       18.42       -2.90      -7.782
  1955       18.72       18.26       -2.92      -7.899
  1956       18.14       17.70       -2.27      -6.409
  1957       18.20       17.64       -2.47      -6.566
  1958       17.80       17.44       -2.84      -6.576
  1959       18.70       18.36       -2.57      -7.449
  1960       17.66       17.47       -2.60      -6.995
  1961       18.13       17.81       -2.46      -6.884
  1962       18.11       17.71       -2.57      -6.966
  1963       18.06       17.56       -2.32      -6.537
  1964       18.16       17.56       -2.47      -6.750
  1965       17.46       17.30       -2.54      -6.372
  1966       17.64       17.23       -2.67      -6.987
  1967       17.98       17.73       -2.69      -7.190
  1968       17.91       17.56       -2.54      -6.930
  1969       17.66       17.29       -2.58      -6.415
  1970       18.14       17.69       -2.79      -7.013
  1971       17.46       17.19       -2.75      -6.715
  1972       17.95       17.69       -2.44      -6.578
  1973       17.96       17.68       -3.23      -7.886
  1974       18.13       17.76       -2.80      -7.552
  1975       18.30       17.69       -2.93      -7.637
  1976       18.52       17.97       -2.62      -7.154
  1977       17.84       17.53       -2.89      -7.155
  1978       18.58       18.03       -2.51      -6.996
  1979       18.51       18.18       -2.93      -7.956
  1980       18.26       17.82       -3.06      -7.714
  1981       18.32       18.07       -2.99      -7.786
  1982       18.15       17.80       -2.80      -7.245
  1983       17.94       17.74       -3.05      -7.682
  1984       18.12       17.87       -2.99      -7.559
  1985       18.54       17.95       -2.82      -7.825
  1986       18.04       18.17       -2.64      -7.170
  1987       18.42       17.98       -2.50      -7.458
  1988       18.52       18.31       -2.78      -7.663
  1989       18.66       18.32       -2.62      -7.591
  1990       18.39       18.19       -2.64      -7.383
  1991       18.74       18.31       -2.90      -7.712
  1992       18.19       18.20       -2.48      -6.547
  1993       18.84       18.36       -2.90      -8.027
  1994       18.61       18.00       -2.82      -7.447
  1995       18.97       18.62       -3.26      -8.382
  1996       18.91       18.64       -2.94      -7.789
  1997       18.70       18.18       -2.74      -7.842
  1998       18.53       18.13       -3.27      -8.705
  1999       18.20       18.00       -3.52      -8.742
  2000       18.54       18.46       -3.17      -8.335
  2001       18.47       18.27       -3.09      -8.842
  2002       18.74       18.32       -2.76      -7.922
  2003       18.64       18.59       -3.61      -8.490
  2004       18.41       18.15       -2.75      -7.394
  2005       19.09       18.59       -3.10      -8.850
  2006       18.87       18.51       -3.44      -8.907
  2007       18.64       18.27       -2.65      -8.192
  2008       18.64       18.45       -3.62      -9.369
  2009       18.69       18.36       -2.78      -8.177
  2010       18.58       18.15       -3.10      -8.391
  2011       18.71       18.38       -3.05      -8.569
  2012       18.79       18.37       -2.95      -8.641
  2013       19.02       18.58       -2.76      -8.265
