year d18Ostem d18OGPP d18Oxylem d18Ovapor
  1950       14.58       14.74       -2.77      -7.054
  1951       14.90       14.68       -2.67      -7.449
  1952       14.78       14.56       -2.78      -7.823
  1953       14.84       14.48       -2.66      -7.191
  1954       15.24       14.76       -2.90      -7.782
  1955       15.04       14.64       -2.92      -7.899
  1956       14.52       14.14       -2.27      -6.409
  1957       14.61       14.11       -2.47      -6.566
  1958       14.26       13.93       -2.84      -6.576
  1959       15.03       14.73       -2.57      -7.449
  1960       14.14       13.96       -2.60      -6.995
  1961       14.54       14.25       -2.46      -6.884
  1962       14.53       14.17       -2.57      -6.966
  1963       14.50       14.05       -2.32      -6.537
  1964       14.55       14.03       -2.47      -6.750
  1965       13.94       13.80       -2.54      -6.372
  1966       14.13       13.77       -2.67      -6.987
  1967       14.43       14.20       -2.69      -7.190
  1968       14.34       14.03       -2.54      -6.930
  1969       14.13       13.82       -2.58      -6.415
  1970       14.55       14.16       -2.79      -7.013
  1971       13.98       13.73       -2.75      -6.715
  1972       14.37       14.15       -2.44      -6.578
  1973       14.44       14.17       -3.23      -7.886
  1974       14.56       14.23       -2.80      -7.552
  1975       14.71       14.18       -2.93      -7.637
  1976       14.88       14.38       -2.62      -7.154
  1977       14.28       14.01       -2.89      -7.155
  1978       14.89       14.43       -2.51      -6.996
  1979       14.85       14.55       -2.93      -7.956
  1980       14.63       14.28       -3.06      -7.714
  1981       14.70       14.48       -2.99      -7.786
  1982       14.55       14.24       -2.80      -7.245
  1983       14.39       14.19       -3.05      -7.682
  1984       14.53       14.31       -2.99      -7.559
  1985       14.89       14.39       -2.82      -7.825
  1986       14.42       14.54       -2.64      -7.170
  1987       14.76       14.39       -2.50      -7.458
  1988       14.83       14.66       -2.78      -7.663
  1989       14.96       14.66       -2.62      -7.591
  1990       14.74       14.57       -2.64      -7.383
  1991       15.04       14.68       -2.90      -7.712
  1992       14.54       14.55       -2.48      -6.547
  1993       15.14       14.72       -2.90      -8.027
  1994       14.93       14.41       -2.82      -7.447
  1995       15.24       14.93       -3.26      -8.382
  1996       15.18       14.95       -2.94      -7.789
  1997       14.99       14.56       -2.74      -7.842
  1998       14.88       14.55       -3.27      -8.705
  1999       14.59       14.43       -3.52      -8.742
  2000       14.86       14.82       -3.17      -8.335
  2001       14.83       14.65       -3.09      -8.842
  2002       15.05       14.70       -2.76      -7.922
  2003       14.96       14.93       -3.61      -8.490
  2004       14.75       14.54       -2.75      -7.394
  2005       15.34       14.92       -3.10      -8.850
  2006       15.15       14.84       -3.44      -8.907
  2007       14.95       14.64       -2.65      -8.192
  2008       14.99       14.81       -3.62      -9.369
  2009       15.03       14.74       -2.78      -8.177
  2010       14.92       14.55       -3.10      -8.391
  2011       15.03       14.75       -3.05      -8.569
  2012       15.12       14.76       -2.95      -8.641
  2013       15.26       14.89       -2.76      -8.265
