year d18Ostem d18OGPP d18Oxylem d18Ovapor
  1950       20.40       20.33       -2.77      -7.054
  1951       21.31       20.81       -2.67      -7.449
  1952       21.41       20.90       -2.78      -7.823
  1953       21.05       20.62       -2.66      -7.191
  1954       21.32       20.79       -2.90      -7.782
  1955       21.48       20.82       -2.92      -7.899
  1956       21.23       20.62       -2.27      -6.409
  1957       21.19       20.49       -2.47      -6.566
  1958       20.04       19.69       -2.84      -6.576
  1959       21.93       21.38       -2.57      -7.449
  1960       21.06       20.60       -2.60      -6.995
  1961       21.50       20.78       -2.46      -6.884
  1962       21.30       20.57       -2.57      -6.966
  1963       21.61       20.85       -2.32      -6.537
  1964       21.19       20.48       -2.47      -6.750
  1965       20.25       19.88       -2.54      -6.372
  1966       20.89       20.36       -2.67      -6.987
  1967       21.24       20.72       -2.69      -7.190
  1968       21.10       20.39       -2.54      -6.930
  1969       20.48       20.12       -2.58      -6.415
  1970       20.81       20.37       -2.79      -7.013
  1971       20.40       20.01       -2.75      -6.715
  1972       21.00       20.66       -2.44      -6.578
  1973       20.87       20.49       -3.23      -7.886
  1974       21.43       20.84       -2.80      -7.552
  1975       21.28       20.68       -2.93      -7.637
  1976       21.44       20.69       -2.62      -7.154
  1977       20.42       20.04       -2.89      -7.155
  1978       21.20       20.75       -2.51      -6.996
  1979       21.24       20.75       -2.93      -7.956
  1980       20.63       20.46       -3.06      -7.714
  1981       21.04       20.72       -2.99      -7.786
  1982       20.98       20.53       -2.80      -7.245
  1983       20.84       20.43       -3.05      -7.682
  1984       20.72       20.42       -2.99      -7.559
  1985       21.54       20.91       -2.82      -7.825
  1986       20.81       20.54       -2.64      -7.170
  1987       21.58       20.92       -2.50      -7.458
  1988       21.07       20.68       -2.78      -7.663
  1989       21.52       20.91       -2.62      -7.591
  1990       21.33       20.88       -2.64      -7.383
  1991       21.14       20.65       -2.90      -7.712
  1992       20.55       20.32       -2.48      -6.547
  1993       21.57       21.01       -2.90      -8.027
  1994       21.02       20.52       -2.82      -7.447
  1995       21.05       20.62       -3.26      -8.382
  1996       21.09       20.81       -2.94      -7.789
  1997       21.47       20.95       -2.74      -7.842
  1998       21.28       20.85       -3.27      -8.705
  1999       20.61       20.54       -3.52      -8.742
  2000       20.93       20.91       -3.17      -8.335
  2001       21.70       21.15       -3.09      -8.842
  2002       21.62       21.37       -2.76      -7.922
  2003       20.41       20.36       -3.61      -8.490
  2004       21.04       20.75       -2.75      -7.394
  2005       21.80       21.08       -3.10      -8.850
  2006       20.96       20.69       -3.44      -8.907
  2007       22.02       21.44       -2.65      -8.192
  2008       21.25       20.92       -3.62      -9.369
  2009       22.01       21.44       -2.78      -8.177
  2010       21.37       20.93       -3.10      -8.391
  2011       21.61       21.13       -3.05      -8.569
  2012       22.18       21.50       -2.95      -8.641
  2013       21.76       21.08       -2.76      -8.265
